velocity_data_x,velocity_data_y,velocity_data_z,rc_with_flag_data_roll,rc_with_flag_data_pitch,rc_with_flag_data_yaw,rc_with_flag_data_throttle,position_vo_x,position_vo_y,position_vo_z,altitude_fusioned,altitude_barometer,height_homepoint,height_fusion,gps_fused_latitude,gps_fused_longitude,gps_fused_altitude,gps_longitude,gps_latitude,gps_altitude,velocity_x,velocity_y,velocity_z,status_displaymode,status_flight,rtk_connect_status_rtkConnected
0.036661,0.016922,0.005675,0.000000,0.000000,0.000000,0.000000,-0.107111,0.042965,-49.253254,49.259670,50.087814,0.000000,0.104066,0.000000,0.000000,49.606911,0,0,0,0.000000,0.000000,0.000000,6,0,0
0.036837,0.017749,0.006229,0.000000,0.000000,0.000000,0.000000,-0.106386,0.043302,-49.263298,49.264053,49.768093,49.253578,0.104766,0.000000,0.000000,49.802444,0,0,-17000,0.000000,0.000000,0.000000,6,0,0
0.034379,0.018440,0.004790,0.000000,0.000000,0.000000,0.000000,-0.105654,0.043641,-49.264000,49.262001,49.723175,49.253578,0.105105,0.000000,0.000000,49.564632,0,0,-17000,0.000000,0.000000,0.000000,6,0,0
0.033521,0.015614,0.003395,0.000000,0.000000,0.000000,0.000000,-0.105022,0.044140,-49.261509,49.266117,50.148586,49.253578,0.105674,0.000000,0.000000,50.053463,0,0,-17000,0.000000,0.000000,0.000000,6,0,0
0.033902,0.013425,0.006670,0.000000,0.000000,0.000000,0.000000,-0.104354,0.044475,-49.268406,49.273014,49.781303,49.253578,0.105237,0.000000,0.000000,50.008545,0,0,-17000,0.000000,0.000000,0.000000,6,0,0
0.032916,0.015158,0.010467,0.000000,0.000000,0.000000,0.000000,-0.103684,0.044765,-49.273872,49.270874,50.341476,49.253578,0.105944,0.000000,0.000000,49.540852,0,0,-17000,0.000000,0.000000,0.000000,6,0,0
0.030846,0.016265,0.013765,0.000000,0.000000,0.000000,0.000000,-0.103019,0.045053,-49.269318,49.267612,50.058746,49.253578,0.106634,0.000000,0.000000,50.093098,0,0,-17000,0.000000,0.000000,0.000000,6,0,0
0.026698,0.015428,0.015542,0.000000,0.000000,0.000000,0.000000,-0.102391,0.045361,-49.266315,49.271164,49.807728,49.253578,0.106743,0.000000,0.000000,50.185581,0,0,-17000,0.000000,0.000000,0.000000,6,0,0
0.025938,0.015803,0.017104,0.000000,0.000000,0.000000,0.000000,-0.102282,0.045776,-49.272102,49.273830,50.029682,49.253578,0.107466,0.000000,0.000000,49.728458,0,0,-17000,0.000000,0.000000,0.000000,6,0,0
0.025447,0.017385,0.017659,0.000000,0.000000,0.000000,0.000000,-0.101761,0.046078,-49.273949,49.268791,50.122162,49.253578,0.106827,0.000000,0.000000,50.180294,0,0,-17000,0.000000,0.000000,0.000000,6,0,0
0.025305,0.016833,0.017597,0.000000,0.000000,0.000000,0.000000,-0.101246,0.046405,-49.269150,49.278572,49.519714,49.253578,0.107501,0.000000,0.000000,49.813011,0,0,-17000,0.000000,0.000000,0.000000,6,0,0
0.026359,0.016473,0.018138,0.000000,0.000000,0.000000,0.000000,-0.100741,0.046750,-49.280926,49.284943,49.258125,49.253578,0.108313,0.000000,0.000000,49.580486,0,0,-17000,0.000000,0.000000,0.000000,6,0,0
0.025555,0.019647,0.018814,0.000000,0.000000,0.000000,0.000000,-0.100236,0.047089,-49.283730,49.284332,49.744312,49.253578,0.108271,0.000000,0.000000,49.488007,0,0,-17000,0.000000,0.000000,0.000000,6,0,0
0.025481,0.022091,0.020640,0.000000,0.000000,0.000000,0.000000,-0.105036,0.049633,-49.286568,49.276733,49.876427,49.253578,0.108927,0.000000,0.000000,49.799801,0,0,-17000,0.000000,0.000000,0.000000,6,0,0
0.024851,0.023060,0.020998,0.000000,0.000000,0.000000,0.000000,-0.104546,0.050056,-49.274540,49.272453,49.733742,49.253578,0.108499,0.000000,0.000000,49.876427,0,0,-17000,0.000000,0.000000,0.000000,6,0,0
0.024521,0.022405,0.020446,0.000000,0.000000,0.000000,0.000000,-0.104056,0.050503,-49.271694,49.277863,49.770737,49.253578,0.108994,0.000000,0.000000,49.733742,0,0,-17000,0.000000,0.000000,0.000000,6,0,0
0.023521,0.022442,0.021759,0.000000,0.000000,0.000000,0.000000,-0.103572,0.050949,-49.281700,49.288948,50.325623,49.253578,0.109672,0.000000,0.000000,49.865860,0,0,-17000,0.000000,0.000000,0.000000,6,0,0
0.016571,0.022793,0.020644,0.000000,0.000000,0.000000,0.000000,-0.103099,0.051391,-49.290722,49.292744,49.614838,49.253578,0.108852,0.000000,0.000000,49.984764,0,0,-17000,0.000000,0.000000,0.000000,6,0,0
0.012151,0.022620,0.019140,0.000000,0.000000,0.000000,0.000000,-0.103972,0.051639,-49.291920,49.293659,50.066673,49.253578,0.109546,0.000000,0.000000,50.172367,0,0,-17000,0.000000,0.000000,0.000000,6,0,0
0.010856,0.021562,0.019724,0.000000,0.000000,0.000000,0.000000,-0.103697,0.052089,-49.294323,49.298492,49.762810,49.253578,0.108639,0.000000,0.000000,49.836792,0,0,-17000,0.000000,0.000000,0.000000,6,0,0
0.010925,0.024058,0.019696,0.000000,0.000000,0.000000,0.000000,-0.103477,0.052516,-49.299545,49.302303,49.820938,49.253578,0.109394,0.000000,0.000000,49.823582,0,0,-17000,0.000000,0.000000,0.000000,6,0,0
0.010830,0.026925,0.019481,0.000000,0.000000,0.000000,0.000000,-0.103256,0.052978,-49.300903,49.301826,49.538212,49.253578,0.110111,0.000000,0.000000,49.686180,0,0,-17000,0.000000,0.000000,0.000000,6,0,0
0.006583,0.028627,0.019310,0.000000,0.000000,0.000000,0.000000,-0.103044,0.053496,-49.302814,49.302185,50.193508,49.253578,0.109111,0.000000,0.000000,49.752239,0,0,-17000,0.000000,0.000000,0.000000,6,0,0
0.006185,0.030452,0.017687,0.000000,0.000000,0.000000,0.000000,-0.104009,0.053842,-49.302116,49.297977,50.383755,49.253578,0.109709,0.000000,0.000000,50.362614,0,0,-17000,0.000000,0.000000,0.000000,6,0,0
0.006202,0.031622,0.018574,0.000000,0.000000,0.000000,0.000000,-0.103878,0.054444,-49.297676,49.302845,50.455097,49.253578,0.108606,0.000000,0.000000,50.494732,0,0,-17000,0.000000,0.000000,0.000000,6,0,0
0.005587,0.031411,0.021038,0.000000,0.000000,0.000000,0.000000,-0.103753,0.055081,-49.304676,49.307003,50.106308,49.253578,0.109283,0.000000,0.000000,50.365257,0,0,-17000,0.000000,0.000000,0.000000,6,0,0
0.004037,0.029526,0.024298,0.000000,0.000000,0.000000,0.000000,-0.103633,0.055715,-49.306984,49.306599,49.879070,49.253578,0.109995,0.000000,0.000000,50.085171,0,0,-17000,0.000000,0.000000,0.000000,6,0,0
-0.000820,0.027797,0.026140,0.000000,0.000000,0.000000,0.000000,-0.103531,0.056313,-49.308617,49.311573,50.412819,49.253578,0.109111,0.000000,0.000000,49.963623,0,0,-17000,0.000000,0.000000,0.000000,6,0,0
-0.000074,0.030697,0.025636,0.000000,0.000000,0.000000,0.000000,-0.104658,0.056366,-49.312962,49.317795,50.322979,49.253578,0.109959,0.000000,0.000000,50.359974,0,0,-17000,0.000000,0.000000,0.000000,6,0,0
-0.002443,0.033534,0.026431,0.000000,0.000000,0.000000,0.000000,-0.104658,0.056957,-49.317886,49.316547,50.624203,49.253578,0.109063,0.000000,0.000000,50.299198,0,0,-17000,0.000000,0.000000,0.000000,6,0,0
-0.006506,0.036141,0.028176,0.000000,0.000000,0.000000,0.000000,-0.104681,0.057602,-49.317749,49.324482,50.013828,49.253578,0.109916,0.000000,0.000000,50.352047,0,0,-17000,0.000000,0.000000,0.000000,6,0,0
-0.010145,0.037961,0.029087,0.000000,0.000000,0.000000,0.000000,-0.104777,0.058298,-49.326157,49.323795,49.900208,49.253578,0.110840,0.000000,0.000000,49.865860,0,0,-17000,0.000000,0.000000,0.000000,6,0,0
-0.012858,0.036884,0.029318,0.000000,0.000000,0.000000,0.000000,-0.104957,0.059049,-49.321358,49.316441,49.617481,49.253578,0.109819,0.000000,0.000000,49.786591,0,0,-17000,0.000000,0.000000,0.000000,6,0,0
-0.011923,0.037519,0.029187,0.000000,0.000000,0.000000,0.000000,-0.106414,0.059040,-49.313744,49.311272,49.509144,49.253578,0.110466,0.000000,0.000000,49.440445,0,0,-17000,0.000000,0.000000,0.000000,6,0,0
-0.013054,0.035543,0.029918,0.000000,0.000000,0.000000,0.000000,-0.106665,0.059777,-49.311031,49.307968,50.040253,49.253578,0.110463,0.000000,0.000000,49.524998,0,0,-17000,0.000000,0.000000,0.000000,6,0,0
-0.013189,0.036239,0.030797,0.000000,0.000000,0.000000,0.000000,-0.114364,0.057030,-49.308392,49.308979,50.138016,49.253578,0.111039,0.000000,0.000000,50.095741,0,0,-17000,0.000000,0.000000,0.000000,6,0,0
-0.012852,0.036832,0.031501,0.000000,0.000000,0.000000,0.000000,-0.114624,0.057748,-49.308681,49.307835,50.064034,49.253578,0.111616,0.000000,0.000000,50.550220,0,0,-17000,0.000000,0.000000,0.000000,6,0,0
-0.013694,0.034173,0.030972,0.000000,0.000000,0.000000,0.000000,-0.114885,0.058485,-49.307724,49.310635,49.654472,49.253578,0.110317,0.000000,0.000000,49.749596,0,0,-17000,0.000000,0.000000,0.000000,6,0,0
-0.014015,0.034723,0.030731,0.000000,0.000000,0.000000,0.000000,-0.115818,0.058537,-49.313320,49.311810,49.945129,49.253578,0.110892,0.000000,0.000000,49.971550,0,0,-17000,0.000000,0.000000,0.000000,6,0,0
-0.014502,0.034160,0.030453,0.000000,0.000000,0.000000,0.000000,-0.116077,0.059224,-49.310875,49.317413,49.654472,49.253578,0.109637,0.000000,0.000000,49.828865,0,0,-17000,0.000000,0.000000,0.000000,6,0,0
-0.013714,0.034736,0.029951,0.000000,0.000000,0.000000,0.000000,-0.116349,0.059918,-49.318748,49.318119,50.050819,49.253578,0.110229,0.000000,0.000000,49.620125,0,0,-17000,0.000000,0.000000,0.000000,6,0,0
-0.015622,0.034620,0.030786,0.000000,0.000000,0.000000,0.000000,-0.116630,0.060603,-49.317917,49.318691,50.071960,49.253578,0.110809,0.000000,0.000000,50.074600,0,0,-17000,0.000000,0.000000,0.000000,6,0,0
-0.017418,0.033055,0.031397,0.000000,0.000000,0.000000,0.000000,-0.116920,0.061279,-49.318779,49.314369,49.810371,49.253578,0.110158,0.000000,0.000000,49.894924,0,0,-17000,0.000000,0.000000,0.000000,6,0,0
-0.017549,0.034157,0.032539,0.000000,0.000000,0.000000,0.000000,-0.117723,0.061032,-49.313034,49.314877,49.736385,49.253578,0.110647,0.000000,0.000000,49.889641,0,0,-17000,0.000000,0.000000,0.000000,6,0,0
-0.018323,0.035294,0.033054,0.000000,0.000000,0.000000,0.000000,-0.118067,0.061695,-49.316879,49.325237,50.365257,49.253578,0.109469,0.000000,0.000000,49.754883,0,0,-17000,0.000000,0.000000,0.000000,6,0,0
-0.015659,0.035733,0.032798,0.000000,0.000000,0.000000,0.000000,-0.118428,0.062381,-49.328152,49.339031,50.309769,49.253578,0.110266,0.000000,0.000000,50.267490,0,0,-17000,0.000000,0.000000,0.000000,6,0,0
-0.010946,0.034366,0.033450,0.000000,0.000000,0.000000,0.000000,-0.118766,0.063094,-49.342293,49.349255,50.169727,49.253578,0.111246,0.000000,0.000000,50.352047,0,0,-17000,0.000000,0.000000,0.000000,6,0,0
-0.009207,0.034578,0.032864,0.000000,0.000000,0.000000,0.000000,-0.119015,0.063798,-49.350742,49.352268,50.185581,49.253578,0.110976,0.000000,0.000000,49.942486,0,0,-17000,0.000000,0.000000,0.000000,6,0,0
-0.009189,0.036715,0.031159,0.000000,0.000000,0.000000,0.000000,-0.119433,0.063911,-49.352566,49.357342,49.725815,49.253578,0.111951,0.000000,0.000000,50.090454,0,0,-17000,0.000000,0.000000,0.000000,6,0,0
-0.010302,0.036578,0.032065,0.000000,0.000000,0.000000,0.000000,-0.119612,0.064619,-49.360336,49.366905,50.032326,49.253578,0.110964,0.000000,0.000000,49.974194,0,0,-17000,0.000000,0.000000,0.000000,6,0,0
-0.010005,0.034730,0.034064,0.000000,0.000000,0.000000,0.000000,-0.119808,0.065344,-49.369373,49.378372,49.543495,49.366905,0.112150,0.000000,0.000000,49.955696,0,0,-17000,0.000000,0.000000,0.000000,6,0,0
-0.009659,0.034098,0.035493,0.000000,0.000000,0.000000,0.000000,-0.119992,0.066039,-49.382366,49.387753,49.791874,49.366905,0.113521,0.000000,0.000000,49.762810,0,0,-17000,0.000000,0.000000,0.000000,6,0,0
-0.007139,0.031628,0.036136,0.000000,0.000000,0.000000,0.000000,-0.120166,0.066709,-49.387123,49.387367,49.554066,49.366905,0.112613,0.000000,0.000000,49.828865,0,0,-17000,0.000000,0.000000,0.000000,6,0,0
-0.009897,0.032313,0.036684,0.000000,0.000000,0.000000,0.000000,-0.119829,0.066133,-49.387669,49.385860,49.982121,49.366905,0.113878,0.000000,0.000000,49.789230,0,0,-17000,0.000000,0.000000,0.000000,6,0,0
-0.011879,0.032886,0.040132,0.000000,0.000000,0.000000,0.000000,-0.120013,0.066774,-49.384708,49.377045,49.884354,49.366905,0.112696,0.000000,0.000000,49.538212,0,0,-17000,0.000000,0.000000,0.000000,6,0,0
-0.010493,0.033001,0.041523,0.000000,0.000000,0.000000,0.000000,-0.120243,0.067427,-49.375385,49.380085,49.794518,49.366905,0.113747,0.000000,0.000000,50.124805,0,0,-17000,0.000000,0.000000,0.000000,6,0,0
-0.008968,0.033057,0.042241,0.000000,0.000000,0.000000,0.000000,-0.120771,0.062969,-49.381130,49.384464,49.543495,49.366905,0.114823,0.000000,0.000000,49.799801,0,0,-17000,0.000000,0.000000,0.000000,6,0,0
-0.008124,0.030972,0.043392,0.000000,0.000000,0.000000,0.000000,-0.120961,0.063623,-49.386005,49.394863,50.058746,49.366905,0.114148,0.000000,0.000000,49.535568,0,0,-17000,0.000000,0.000000,0.000000,6,0,0
-0.011456,0.032972,0.044916,0.000000,0.000000,0.000000,0.000000,-0.120918,0.063235,-49.395977,49.392521,49.511787,49.366905,0.115319,0.000000,0.000000,49.889641,0,0,-17000,0.000000,0.000000,0.000000,6,0,0
-0.010925,0.033045,0.046409,0.000000,0.000000,0.000000,0.000000,-0.121131,0.063883,-49.391556,49.392929,49.910778,49.366905,0.114485,0.000000,0.000000,49.834152,0,0,-17000,0.000000,0.000000,0.000000,6,0,0
-0.009929,0.032789,0.047270,0.000000,0.000000,0.000000,0.000000,-0.121356,0.064544,-49.393429,49.392120,49.820938,49.366905,0.115568,0.000000,0.000000,49.736385,0,0,-17000,0.000000,0.000000,0.000000,6,0,0
-0.011273,0.032119,0.047835,0.000000,0.000000,0.000000,0.000000,-0.121557,0.065202,-49.391155,49.389587,50.019112,49.366905,0.116598,0.000000,0.000000,49.820938,0,0,-17000,0.000000,0.000000,0.000000,6,0,0
-0.011315,0.028911,0.047347,0.000000,0.000000,0.000000,0.000000,-0.121767,0.065855,-49.390648,49.393021,49.910778,49.366905,0.114956,0.000000,0.000000,50.209362,0,0,-17000,0.000000,0.000000,0.000000,6,0,0
-0.010378,0.030001,0.046537,0.000000,0.000000,0.000000,0.000000,-0.121522,0.065243,-49.394150,49.393562,50.415462,49.366905,0.115954,0.000000,0.000000,49.894924,0,0,-17000,0.000000,0.000000,0.000000,6,0,0
-0.010458,0.030686,0.045752,0.000000,0.000000,0.000000,0.000000,-0.121736,0.065827,-49.393356,49.392128,49.728458,49.366905,0.114278,0.000000,0.000000,50.412819,0,0,-17000,0.000000,0.000000,0.000000,6,0,0
-0.010161,0.030876,0.046728,0.000000,0.000000,0.000000,0.000000,-0.121942,0.066432,-49.391541,49.393288,49.461582,49.366905,0.115144,0.000000,0.000000,49.805084,0,0,-17000,0.000000,0.000000,0.000000,6,0,0
-0.009709,0.031187,0.047683,0.000000,0.000000,0.000000,0.000000,-0.122149,0.067040,-49.395893,49.401730,49.733742,49.366905,0.116125,0.000000,0.000000,49.593700,0,0,-17000,0.000000,0.000000,0.000000,6,0,0
-0.009887,0.029866,0.049641,0.000000,0.000000,0.000000,0.000000,-0.122369,0.067662,-49.404057,49.409676,49.665043,49.366905,0.114618,0.000000,0.000000,49.501217,0,0,-17000,0.000000,0.000000,0.000000,6,0,0
-0.010135,0.032409,0.052217,0.000000,0.000000,0.000000,0.000000,-0.122060,0.066728,-49.411240,49.413021,49.889641,49.366905,0.115783,0.000000,0.000000,49.591057,0,0,-17000,0.000000,0.000000,0.000000,6,0,0
-0.009024,0.034022,0.051771,0.000000,0.000000,0.000000,0.000000,-0.122271,0.067351,-49.414684,49.413383,49.739029,49.366905,0.114345,0.000000,0.000000,49.826225,0,0,-17000,0.000000,0.000000,0.000000,6,0,0
-0.008100,0.033904,0.050836,0.000000,0.000000,0.000000,0.000000,-0.122455,0.068018,-49.412685,49.415825,49.894924,49.366905,0.115434,0.000000,0.000000,49.659760,0,0,-17000,0.000000,0.000000,0.000000,6,0,0
-0.009043,0.033640,0.052205,0.000000,0.000000,0.000000,0.000000,-0.122624,0.068704,-49.416664,49.415386,50.040253,49.366905,0.116545,0.000000,0.000000,50.011185,0,0,-17000,0.000000,0.000000,0.000000,6,0,0
-0.007273,0.032581,0.053855,0.000000,0.000000,0.000000,0.000000,-0.122800,0.069385,-49.413723,49.411858,50.362614,49.366905,0.114928,0.000000,0.000000,49.992691,0,0,-17000,0.000000,0.000000,0.000000,6,0,0
-0.010433,0.033453,0.054102,0.000000,0.000000,0.000000,0.000000,-0.122318,0.068912,-49.411488,49.409405,49.995331,49.366905,0.115911,0.000000,0.000000,50.116879,0,0,-17000,0.000000,0.000000,0.000000,6,0,0
-0.013158,0.033104,0.054178,0.000000,0.000000,0.000000,0.000000,-0.122485,0.069572,-49.407818,49.408760,50.108952,49.366905,0.114817,0.000000,0.000000,50.138016,0,0,-17000,0.000000,0.000000,0.000000,6,0,0
-0.014074,0.034425,0.055016,0.000000,0.000000,0.000000,0.000000,-0.122720,0.070232,-49.409344,49.403805,49.234344,49.366905,0.115713,0.000000,0.000000,49.997974,0,0,-17000,0.000000,0.000000,0.000000,6,0,0
-0.014260,0.035822,0.055511,0.000000,0.000000,0.000000,0.000000,-0.122994,0.070906,-49.403915,49.399117,49.945129,49.366905,0.116594,0.000000,0.000000,49.252842,0,0,-17000,0.000000,0.000000,0.000000,6,0,0
-0.012176,0.033636,0.054898,0.000000,0.000000,0.000000,0.000000,-0.120703,0.065194,-49.398758,49.396355,50.101025,49.366905,0.114810,0.000000,0.000000,50.071960,0,0,-17000,0.000000,0.000000,0.000000,6,0,0
-0.013926,0.033765,0.052975,0.000000,0.000000,0.000000,0.000000,-0.120554,0.064426,-49.394741,49.392620,49.723175,49.366905,0.115558,0.000000,0.000000,50.042892,0,0,-17000,0.000000,0.000000,0.000000,6,0,0
-0.013108,0.033104,0.050111,0.000000,0.000000,0.000000,0.000000,-0.120803,0.065093,-49.393612,49.389881,50.433956,49.366905,0.113723,0.000000,0.000000,50.079887,0,0,-17000,0.000000,0.000000,0.000000,6,0,0
-0.012037,0.033177,0.048741,0.000000,0.000000,0.000000,0.000000,-0.121073,0.065756,-49.388103,49.389618,50.124805,49.366905,0.114282,0.000000,0.000000,50.061390,0,0,-17000,0.000000,0.000000,0.000000,6,0,0
-0.010729,0.029032,0.047276,0.000000,0.000000,0.000000,0.000000,-0.121568,0.067083,-49.387390,49.385864,49.768093,49.366905,0.112962,0.000000,0.000000,49.982121,0,0,-17000,0.000000,0.000000,0.000000,6,0,0
-0.008931,0.030401,0.045689,0.000000,0.000000,0.000000,0.000000,-0.121690,0.066543,-49.386623,49.391083,49.789230,49.366905,0.113448,0.000000,0.000000,49.591057,0,0,-17000,0.000000,0.000000,0.000000,6,0,0
-0.010356,0.032511,0.043922,0.000000,0.000000,0.000000,0.000000,-0.121876,0.067135,-49.391281,49.392918,50.336193,49.366905,0.112348,0.000000,0.000000,50.264851,0,0,-17000,0.000000,0.000000,0.000000,6,0,0
-0.013541,0.033264,0.041669,0.000000,0.000000,0.000000,0.000000,-0.122071,0.067765,-49.395630,49.400185,50.222572,49.366905,0.112882,0.000000,0.000000,50.161800,0,0,-17000,0.000000,0.000000,0.000000,6,0,0
-0.016719,0.032163,0.041121,0.000000,0.000000,0.000000,0.000000,-0.122315,0.068428,-49.399406,49.396873,50.000618,49.366905,0.113398,0.000000,0.000000,50.410175,0,0,-17000,0.000000,0.000000,0.000000,6,0,0
-0.017316,0.028373,0.040992,0.000000,0.000000,0.000000,0.000000,-0.122628,0.069078,-49.394722,49.391258,49.725815,49.366905,0.111660,0.000000,0.000000,49.725815,0,0,-17000,0.000000,0.000000,0.000000,6,0,0
-0.018132,0.026370,0.041734,0.000000,0.000000,0.000000,0.000000,-0.122769,0.068536,-49.390522,49.384789,50.169727,49.366905,0.111993,0.000000,0.000000,49.768093,0,0,-17000,0.000000,0.000000,0.000000,6,0,0
-0.017525,0.023506,0.038999,0.000000,0.000000,0.000000,0.000000,-0.123124,0.069068,-49.383709,49.380352,49.990047,49.366905,0.110307,0.000000,0.000000,50.293915,0,0,-17000,0.000000,0.000000,0.000000,6,0,0
-0.018358,0.021195,0.034138,0.000000,0.000000,0.000000,0.000000,-0.123488,0.069550,-49.380424,49.379002,49.850006,49.366905,0.110430,0.000000,0.000000,49.646545,0,0,-17000,0.000000,0.000000,0.000000,6,0,0
-0.019194,0.019544,0.033793,0.000000,0.000000,0.000000,0.000000,-0.123854,0.069985,-49.378284,49.375458,49.921349,49.366905,0.110473,0.000000,0.000000,49.871143,0,0,-17000,0.000000,0.000000,0.000000,6,0,0
-0.017893,0.017039,0.034397,0.000000,0.000000,0.000000,0.000000,-0.124228,0.070389,-49.375542,49.378197,49.643906,49.366905,0.108882,0.000000,0.000000,50.093098,0,0,-17000,0.000000,0.000000,0.000000,6,0,0
-0.017262,0.017344,0.036463,0.000000,0.000000,0.000000,0.000000,-0.124462,0.069524,-49.379017,49.382835,50.346760,49.366905,0.109081,0.000000,0.000000,49.712605,0,0,-17000,0.000000,0.000000,0.000000,6,0,0
-0.017663,0.017425,0.036774,0.000000,0.000000,0.000000,0.000000,-0.124801,0.069863,-49.385311,49.386715,49.842079,49.366905,0.107889,0.000000,0.000000,50.045536,0,0,-17000,0.000000,0.000000,0.000000,6,0,0
-0.016828,0.015943,0.034732,0.000000,0.000000,0.000000,0.000000,-0.125138,0.070211,-49.387306,49.391819,49.522358,49.366905,0.108252,0.000000,0.000000,49.527641,0,0,-17000,0.000000,0.000000,0.000000,6,0,0
-0.015255,0.014590,0.032057,0.000000,0.000000,0.000000,0.000000,-0.125470,0.070539,-49.392975,49.390724,49.480080,49.366905,0.108620,0.000000,0.000000,49.865860,0,0,-17000,0.000000,0.000000,0.000000,6,0,0
-0.016052,0.010795,0.031253,0.000000,0.000000,0.000000,0.000000,-0.125781,0.070833,-49.387390,49.380310,49.842079,49.366905,0.107948,0.000000,0.000000,49.477436,0,0,-17000,0.000000,0.000000,0.000000,6,0,0
-0.019139,0.009434,0.031006,0.000000,0.000000,0.000000,0.000000,-0.123823,0.062031,-49.366760,49.370182,50.246353,49.366905,0.108065,0.000000,0.000000,50.016472,0,0,-17000,0.000000,0.000000,0.000000,6,0,0
-0.019198,0.010111,0.030169,0.000000,0.000000,0.000000,0.000000,-0.124191,0.062211,-49.371288,49.370808,49.778664,49.366905,0.106879,0.000000,0.000000,50.056107,0,0,-17000,0.000000,0.000000,0.000000,6,0,0
-0.020607,0.009553,0.029814,0.000000,0.000000,0.000000,0.000000,-0.124572,0.062414,-49.369995,49.376831,50.085171,49.370808,0.107047,0.000000,0.000000,49.995331,0,0,-17000,0.000000,0.000000,0.000000,6,0,0
-0.023679,0.010689,0.029522,0.000000,0.000000,0.000000,0.000000,-0.124973,0.062606,-49.379604,49.381138,49.921349,49.370808,0.107351,0.000000,0.000000,50.148586,0,0,-17000,0.000000,0.000000,0.000000,6,0,0
-0.025008,0.009355,0.030032,0.000000,0.000000,0.000000,0.000000,-0.125424,0.062807,-49.382347,49.383530,49.974194,49.370808,0.106447,0.000000,0.000000,50.087814,0,0,-17000,0.000000,0.000000,0.000000,6,0,0
-0.024358,0.007872,0.029774,0.000000,0.000000,0.000000,0.000000,-0.125556,0.061784,-49.383514,49.384727,49.897568,49.370808,0.106806,0.000000,0.000000,49.805084,0,0,-17000,0.000000,0.000000,0.000000,6,0,0
-0.025292,0.005502,0.028215,0.000000,0.000000,0.000000,0.000000,-0.126061,0.061956,-49.384102,49.378723,49.945129,49.370808,0.105920,0.000000,0.000000,50.074600,0,0,-17000,0.000000,0.000000,0.000000,6,0,0
-0.024233,0.005365,0.025366,0.000000,0.000000,0.000000,0.000000,-0.126556,0.062074,-49.378220,49.386307,49.813011,49.370808,0.106176,0.000000,0.000000,49.776020,0,0,-17000,0.000000,0.000000,0.000000,6,0,0
-0.022796,0.005926,0.024046,0.000000,0.000000,0.000000,0.000000,-0.127042,0.062168,-49.388542,49.391911,49.828865,49.370808,0.106519,0.000000,0.000000,49.810371,0,0,-17000,0.000000,0.000000,0.000000,6,0,0
-0.020495,-0.000017,0.023932,0.000000,0.000000,0.000000,0.000000,-0.127488,0.062287,-49.393570,49.399647,49.688824,49.370808,0.105807,0.000000,0.000000,49.799801,0,0,-17000,0.000000,0.000000,0.000000,6,0,0
-0.022973,-0.000484,0.023791,0.000000,0.000000,0.000000,0.000000,-0.127090,0.061285,-49.400135,49.396496,49.458942,49.370808,0.106234,0.000000,0.000000,49.670326,0,0,-17000,0.000000,0.000000,0.000000,6,0,0
-0.023373,-0.001472,0.024044,0.000000,0.000000,0.000000,0.000000,-0.127528,0.061286,-49.395592,49.394344,50.011185,49.370808,0.106072,0.000000,0.000000,49.876427,0,0,-17000,0.000000,0.000000,0.000000,6,0,0
-0.024609,-0.001731,0.024430,0.000000,0.000000,0.000000,0.000000,-0.127992,0.061278,-49.395687,49.401241,50.209362,49.370808,0.106451,0.000000,0.000000,49.702034,0,0,-17000,0.000000,0.000000,0.000000,6,0,0
-0.026572,0.001037,0.025146,0.000000,0.000000,0.000000,0.000000,-0.128469,0.061252,-49.401672,49.397404,50.153873,49.370808,0.106847,0.000000,0.000000,49.942486,0,0,-17000,0.000000,0.000000,0.000000,6,0,0
-0.025509,0.000143,0.025400,0.000000,0.000000,0.000000,0.000000,-0.128988,0.061259,-49.397129,49.395969,50.079887,49.370808,0.106043,0.000000,0.000000,50.333549,0,0,-17000,0.000000,0.000000,0.000000,6,0,0
-0.024119,-0.000500,0.023631,0.000000,0.000000,0.000000,0.000000,-0.129177,0.060791,-49.396065,49.397358,49.939842,49.370808,0.106401,0.000000,0.000000,49.757523,0,0,-17000,0.000000,0.000000,0.000000,6,0,0
-0.022467,0.001041,0.023787,0.000000,0.000000,0.000000,0.000000,-0.129679,0.060781,-49.396027,49.396877,49.622765,49.370808,0.105593,0.000000,0.000000,49.982121,0,0,-17000,0.000000,0.000000,0.000000,6,0,0
-0.022808,0.001315,0.024437,0.000000,0.000000,0.000000,0.000000,-0.130140,0.060785,-49.399097,49.399544,49.831509,49.370808,0.105963,0.000000,0.000000,49.757523,0,0,-17000,0.000000,0.000000,0.000000,6,0,0
-0.022381,0.000998,0.024521,0.000000,0.000000,0.000000,0.000000,-0.130592,0.060819,-49.399223,49.391464,50.373184,49.370808,0.106263,0.000000,0.000000,49.908134,0,0,-17000,0.000000,0.000000,0.000000,6,0,0
-0.021109,0.001097,0.023705,0.000000,0.000000,0.000000,0.000000,-0.131056,0.060849,-49.389519,49.388336,49.913422,49.370808,0.105378,0.000000,0.000000,49.731102,0,0,-17000,0.000000,0.000000,0.000000,6,0,0
-0.023403,0.001531,0.023490,0.000000,0.000000,0.000000,0.000000,-0.131145,0.060208,-49.386208,49.381382,49.934559,49.370808,0.105486,0.000000,0.000000,50.066673,0,0,-17000,0.000000,0.000000,0.000000,6,0,0
-0.022381,0.000573,0.023169,0.000000,0.000000,0.000000,0.000000,-0.131578,0.060237,-49.381096,49.384125,49.953056,49.370808,0.104624,0.000000,0.000000,49.947769,0,0,-17000,0.000000,0.000000,0.000000,6,0,0
-0.023189,0.000279,0.022516,0.000000,0.000000,0.000000,0.000000,-0.128786,0.055719,-49.385864,49.385696,49.443089,49.370808,0.104766,0.000000,0.000000,49.865860,0,0,-17000,0.000000,0.000000,0.000000,6,0,0
-0.023938,0.002032,0.021291,0.000000,0.000000,0.000000,0.000000,-0.129239,0.055725,-49.385075,49.387688,49.511787,49.370808,0.104912,0.000000,0.000000,49.305687,0,0,-17000,0.000000,0.000000,0.000000,6,0,0
-0.020101,0.001735,0.018208,0.000000,0.000000,0.000000,0.000000,-0.129702,0.055751,-49.388622,49.390652,49.892281,49.370808,0.104768,0.000000,0.000000,49.831509,0,0,-17000,0.000000,0.000000,0.000000,6,0,0
-0.018842,0.001591,0.015509,0.000000,0.000000,0.000000,0.000000,-0.128907,0.055474,-49.390720,49.394016,49.686180,49.370808,0.104897,0.000000,0.000000,50.145947,0,0,-17000,0.000000,0.000000,0.000000,6,0,0
-0.018841,0.003079,0.014831,0.000000,0.000000,0.000000,0.000000,-0.129292,0.055505,-49.394344,49.391823,50.227856,49.370808,0.104126,0.000000,0.000000,49.461582,0,0,-17000,0.000000,0.000000,0.000000,6,0,0
-0.019340,0.006019,0.014316,0.000000,0.000000,0.000000,0.000000,-0.129666,0.055567,-49.391754,49.394577,50.307125,49.370808,0.104213,0.000000,0.000000,50.082527,0,0,-17000,0.000000,0.000000,0.000000,6,0,0
-0.017414,0.008703,0.014085,0.000000,0.000000,0.000000,0.000000,-0.130055,0.055672,-49.394737,49.392242,50.198792,49.370808,0.104293,0.000000,0.000000,50.423389,0,0,-17000,0.000000,0.000000,0.000000,6,0,0
-0.018067,0.008150,0.013423,0.000000,0.000000,0.000000,0.000000,-0.130429,0.055822,-49.391731,49.390339,50.069317,49.370808,0.104152,0.000000,0.000000,50.122162,0,0,-17000,0.000000,0.000000,0.000000,6,0,0
-0.019631,0.006131,0.012363,0.000000,0.000000,0.000000,0.000000,-0.130497,0.056084,-49.389923,49.387615,49.334751,49.370808,0.104161,0.000000,0.000000,50.106308,0,0,-17000,0.000000,0.000000,0.000000,6,0,0
-0.018819,0.004143,0.012353,0.000000,0.000000,0.000000,0.000000,-0.130872,0.056226,-49.386486,49.381248,49.709961,49.370808,0.103352,0.000000,0.000000,49.234344,0,0,-17000,0.000000,0.000000,0.000000,6,0,0
-0.018357,0.001254,0.012335,0.000000,0.000000,0.000000,0.000000,-0.131248,0.056330,-49.378994,49.381496,49.419308,49.370808,0.103243,0.000000,0.000000,49.588413,0,0,-17000,0.000000,0.000000,0.000000,6,0,0
-0.016811,0.001980,0.013117,0.000000,0.000000,0.000000,0.000000,-0.131615,0.056378,-49.382023,49.380699,49.659760,49.370808,0.103178,0.000000,0.000000,49.466869,0,0,-17000,0.000000,0.000000,0.000000,6,0,0
-0.013498,0.003654,0.012911,0.000000,0.000000,0.000000,0.000000,-0.131955,0.056402,-49.382256,49.381771,49.984764,49.370808,0.102534,0.000000,0.000000,49.675613,0,0,-17000,0.000000,0.000000,0.000000,6,0,0
-0.015017,0.002573,0.013368,0.000000,0.000000,0.000000,0.000000,-0.131226,0.056609,-49.383018,49.389477,49.802444,49.370808,0.102571,0.000000,0.000000,50.090454,0,0,-17000,0.000000,0.000000,0.000000,6,0,0
-0.016228,0.002635,0.013645,0.000000,0.000000,0.000000,0.000000,-0.131513,0.056672,-49.390350,49.387257,49.229061,49.370808,0.102123,0.000000,0.000000,49.723175,0,0,-17000,0.000000,0.000000,0.000000,6,0,0
-0.014576,0.002072,0.011260,0.000000,0.000000,0.000000,0.000000,-0.131843,0.056722,-49.387413,49.386593,49.852646,49.370808,0.102170,0.000000,0.000000,49.234344,0,0,-17000,0.000000,0.000000,0.000000,6,0,0
-0.011800,0.000492,0.008885,0.000000,0.000000,0.000000,0.000000,-0.132155,0.056764,-49.385136,49.383640,49.329468,49.370808,0.102120,0.000000,0.000000,49.614838,0,0,-17000,0.000000,0.000000,0.000000,6,0,0
-0.009478,0.002251,0.008572,0.000000,0.000000,0.000000,0.000000,-0.132408,0.056783,-49.383232,49.386929,49.770737,49.370808,0.102188,0.000000,0.000000,49.482723,0,0,-17000,0.000000,0.000000,0.000000,6,0,0
-0.009960,0.002453,0.008762,0.000000,0.000000,0.000000,0.000000,-0.132105,0.056992,-49.389259,49.384384,50.161800,49.370808,0.102167,0.000000,0.000000,49.580486,0,0,-17000,0.000000,0.000000,0.000000,6,0,0
-0.009225,0.001144,0.007550,0.000000,0.000000,0.000000,0.000000,-0.132301,0.057037,-49.384396,49.386585,49.997974,49.370808,0.101672,0.000000,0.000000,50.285988,0,0,-17000,0.000000,0.000000,0.000000,6,0,0
-0.007818,-0.000624,0.006597,0.000000,0.000000,0.000000,0.000000,-0.132481,0.057073,-49.386700,49.388115,49.947769,49.370808,0.101642,0.000000,0.000000,49.855289,0,0,-17000,0.000000,0.000000,0.000000,6,0,0
-0.009144,-0.002910,0.006891,0.000000,0.000000,0.000000,0.000000,-0.128150,0.057411,-49.388317,49.385548,49.979477,49.370808,0.101611,0.000000,0.000000,49.921349,0,0,-17000,0.000000,0.000000,0.000000,6,0,0
-0.006373,-0.004244,0.006984,0.000000,0.000000,0.000000,0.000000,-0.128320,0.057366,-49.383137,49.374435,49.863216,49.370808,0.101093,0.000000,0.000000,49.884354,0,0,-17000,0.000000,0.000000,0.000000,6,0,0
-0.006074,-0.002867,0.006163,0.000000,0.000000,0.000000,0.000000,-0.127523,0.057402,-49.372448,49.372238,49.739029,49.370808,0.100852,0.000000,0.000000,49.583130,0,0,-17000,0.000000,0.000000,0.000000,6,0,0
-0.006368,-0.003055,0.004570,0.000000,0.000000,0.000000,0.000000,-0.127648,0.057333,-49.372173,49.375469,50.040253,49.370808,0.100982,0.000000,0.000000,49.561993,0,0,-17000,0.000000,0.000000,0.000000,6,0,0
-0.006029,-0.003332,0.004011,0.000000,0.000000,0.000000,0.000000,-0.127776,0.057270,-49.374359,49.370857,49.622765,49.370808,0.100741,0.000000,0.000000,49.900208,0,0,-17000,0.000000,0.000000,0.000000,6,0,0
-0.005084,-0.003032,0.003879,0.000000,0.000000,0.000000,0.000000,-0.127897,0.057191,-49.372494,49.375111,49.398167,49.370808,0.100545,0.000000,0.000000,49.683540,0,0,-17000,0.000000,0.000000,0.000000,6,0,0
-0.004391,-0.004933,0.003800,0.000000,0.000000,0.000000,0.000000,-0.128005,0.057115,-49.377167,49.384571,50.066673,49.370808,0.100260,0.000000,0.000000,49.432518,0,0,-17000,0.000000,0.000000,0.000000,6,0,0
-0.006494,-0.004431,0.004684,0.000000,0.000000,0.000000,0.000000,-0.127479,0.056641,-49.386028,49.388725,50.222572,49.370808,0.100304,0.000000,0.000000,49.979477,0,0,-17000,0.000000,0.000000,0.000000,6,0,0
-0.008549,-0.003722,0.005188,0.000000,0.000000,0.000000,0.000000,-0.127586,0.056554,-49.389530,49.388603,49.950413,49.370808,0.100779,0.000000,0.000000,50.050819,0,0,-17000,0.000000,0.000000,0.000000,6,0,0
-0.008735,-0.004892,0.005397,0.000000,0.000000,0.000000,0.000000,-0.127744,0.056486,-49.385708,49.377869,49.889641,49.388603,0.100734,0.000000,0.000000,49.855289,0,0,-17000,0.000000,0.000000,0.000000,6,0,0
-0.007290,-0.007263,0.005895,0.000000,0.000000,0.000000,0.000000,-0.127925,0.056417,-49.376873,49.370480,49.720531,49.388603,0.100590,0.000000,0.000000,49.720531,0,0,-17000,0.000000,0.000000,0.000000,6,0,0
-0.007274,-0.005834,0.004448,0.000000,0.000000,0.000000,0.000000,-0.128084,0.056294,-49.368004,49.362923,49.979477,49.388603,0.100114,0.000000,0.000000,49.411381,0,0,-17000,0.000000,0.000000,0.000000,6,0,0
-0.007939,-0.004880,0.002821,0.000000,0.000000,0.000000,0.000000,-0.127719,0.056522,-49.361713,49.359562,50.246353,49.388603,0.099759,0.000000,0.000000,49.905495,0,0,-17000,0.000000,0.000000,0.000000,6,0,0
-0.008764,-0.005503,0.001247,0.000000,0.000000,0.000000,0.000000,-0.127869,0.056419,-49.359997,49.362507,49.720531,49.388603,0.099946,0.000000,0.000000,50.016472,0,0,-17000,0.000000,0.000000,0.000000,6,0,0
-0.009220,-0.005341,-0.000291,0.000000,0.000000,0.000000,0.000000,-0.128024,0.056311,-49.362019,49.356838,50.005901,49.388603,0.099580,0.000000,0.000000,49.720531,0,0,-17000,0.000000,0.000000,0.000000,6,0,0
-0.008812,-0.005896,-0.000718,0.000000,0.000000,0.000000,0.000000,-0.128208,0.056207,-49.353443,49.346909,49.725815,49.388603,0.099041,0.000000,0.000000,50.011185,0,0,-17000,0.000000,0.000000,0.000000,6,0,0
-0.006146,-0.006012,-0.001518,0.000000,0.000000,0.000000,0.000000,-0.128405,0.056101,-49.346695,49.340858,50.145947,49.388603,0.098508,0.000000,0.000000,49.675613,0,0,-17000,0.000000,0.000000,0.000000,6,0,0
-0.006276,-0.004725,-0.002450,0.000000,0.000000,0.000000,0.000000,-0.127969,0.055815,-49.338039,49.334229,49.900208,49.388603,0.097841,0.000000,0.000000,49.865860,0,0,-17000,0.000000,0.000000,0.000000,6,0,0
-0.004006,-0.003530,-0.003985,0.000000,0.000000,0.000000,0.000000,-0.128091,0.055709,-49.333637,49.331760,49.591057,49.388603,0.097412,0.000000,0.000000,49.863216,0,0,-17000,0.000000,0.000000,0.000000,6,0,0
-0.002744,-0.003413,-0.007466,0.000000,0.000000,0.000000,0.000000,-0.128197,0.055631,-49.333153,49.338387,49.662399,49.388603,0.096777,0.000000,0.000000,49.683540,0,0,-17000,0.000000,0.000000,0.000000,6,0,0
-0.002492,-0.004839,-0.008606,0.000000,0.000000,0.000000,0.000000,-0.128261,0.055570,-49.338943,49.326633,50.056107,49.388603,0.096159,0.000000,0.000000,49.860573,0,0,-17000,0.000000,0.000000,0.000000,6,0,0
-0.001617,-0.009174,-0.008899,0.000000,0.000000,0.000000,0.000000,-0.125159,0.055310,-49.326931,49.328545,50.164440,49.388603,0.096633,0.000000,0.000000,49.805084,0,0,-17000,0.000000,0.000000,0.000000,6,0,0
-0.001659,-0.010576,-0.010438,0.000000,0.000000,0.000000,0.000000,-0.124697,0.055072,-49.328999,49.328972,50.251637,49.388603,0.096095,0.000000,0.000000,49.992691,0,0,-17000,0.000000,0.000000,0.000000,6,0,0
-0.002990,-0.009358,-0.012788,0.000000,0.000000,0.000000,0.000000,-0.124731,0.054860,-49.328835,49.325180,49.377029,49.388603,0.096015,0.000000,0.000000,50.415462,0,0,-17000,0.000000,0.000000,0.000000,6,0,0
-0.003935,-0.007693,-0.013168,0.000000,0.000000,0.000000,0.000000,-0.124778,0.054659,-49.324432,49.321159,49.598984,49.388603,0.095376,0.000000,0.000000,49.561993,0,0,-17000,0.000000,0.000000,0.000000,6,0,0
-0.003905,-0.006622,-0.013898,0.000000,0.000000,0.000000,0.000000,-0.124852,0.054498,-49.321938,49.319908,49.731102,49.388603,0.094747,0.000000,0.000000,49.702034,0,0,-17000,0.000000,0.000000,0.000000,6,0,0
-0.004725,-0.007798,-0.014843,0.000000,0.000000,0.000000,0.000000,-0.124937,0.054359,-49.318565,49.315273,50.175011,49.388603,0.095336,0.000000,0.000000,50.241070,0,0,-17000,0.000000,0.000000,0.000000,6,0,0
-0.004487,-0.007776,-0.015334,0.000000,0.000000,0.000000,0.000000,-0.124783,0.054008,-49.312824,49.309456,50.212002,49.388603,0.094587,0.000000,0.000000,50.159157,0,0,-17000,0.000000,0.000000,0.000000,6,0,0
-0.005485,-0.007233,-0.016257,0.000000,0.000000,0.000000,0.000000,-0.124869,0.053846,-49.310410,49.314041,48.954258,49.388603,0.094636,0.000000,0.000000,50.066673,0,0,-17000,0.000000,0.000000,0.000000,6,0,0
-0.004532,-0.005182,-0.017069,0.000000,0.000000,0.000000,0.000000,-0.124958,0.053689,-49.315765,49.317242,49.453655,49.388603,0.094044,0.000000,0.000000,49.089016,0,0,-17000,0.000000,0.000000,0.000000,6,0,0
-0.002322,-0.004311,-0.016992,0.000000,0.000000,0.000000,0.000000,-0.125053,0.053568,-49.317593,49.317303,50.161800,49.388603,0.093482,0.000000,0.000000,49.622765,0,0,-17000,0.000000,0.000000,0.000000,6,0,0
-0.003358,-0.003945,-0.017816,0.000000,0.000000,0.000000,0.000000,-0.125120,0.053491,-49.317356,49.315231,49.614838,49.388603,0.093767,0.000000,0.000000,50.127449,0,0,-17000,0.000000,0.000000,0.000000,6,0,0
-0.006110,-0.003422,-0.017144,0.000000,0.000000,0.000000,0.000000,-0.124880,0.053598,-49.314430,49.308891,49.910778,49.388603,0.093138,0.000000,0.000000,49.717888,0,0,-17000,0.000000,0.000000,0.000000,6,0,0
-0.006864,-0.003813,-0.017489,0.000000,0.000000,0.000000,0.000000,-0.124981,0.053518,-49.309422,49.312107,49.480080,49.388603,0.093475,0.000000,0.000000,49.707321,0,0,-17000,0.000000,0.000000,0.000000,6,0,0
-0.006610,-0.003281,-0.018245,0.000000,0.000000,0.000000,0.000000,-0.125115,0.053447,-49.313969,49.313633,49.813011,49.388603,0.092952,0.000000,0.000000,49.686180,0,0,-17000,0.000000,0.000000,0.000000,6,0,0
-0.004354,-0.003936,-0.019278,0.000000,0.000000,0.000000,0.000000,-0.125245,0.053376,-49.312840,49.311798,50.254280,49.388603,0.092394,0.000000,0.000000,49.889641,0,0,-17000,0.000000,0.000000,0.000000,6,0,0
-0.002802,-0.003237,-0.020332,0.000000,0.000000,0.000000,0.000000,-0.125347,0.053305,-49.312469,49.313656,50.119522,49.388603,0.094040,0.000000,0.000000,50.489445,0,0,-17000,0.000000,0.000000,0.000000,6,0,0
-0.003977,-0.002890,-0.019885,0.000000,0.000000,0.000000,0.000000,-0.125241,0.053452,-49.312893,49.312515,49.855289,49.388603,0.093504,0.000000,0.000000,49.984764,0,0,-17000,0.000000,0.000000,0.000000,6,0,0
-0.006370,-0.004034,-0.018924,0.000000,0.000000,0.000000,0.000000,-0.125314,0.053390,-49.313896,49.313328,49.643906,49.388603,0.093022,0.000000,0.000000,49.905495,0,0,-17000,0.000000,0.000000,0.000000,6,0,0
-0.006697,-0.003790,-0.017898,0.000000,0.000000,0.000000,0.000000,-0.125427,0.053312,-49.313461,49.311596,49.691467,49.388603,0.094070,0.000000,0.000000,49.527641,0,0,-17000,0.000000,0.000000,0.000000,6,0,0
-0.006340,-0.003931,-0.019015,0.000000,0.000000,0.000000,0.000000,-0.125572,0.053227,-49.310177,49.307262,50.270134,49.388603,0.093561,0.000000,0.000000,50.262207,0,0,-17000,0.000000,0.000000,0.000000,6,0,0
-0.007216,-0.004328,-0.020285,0.000000,0.000000,0.000000,0.000000,-0.125705,0.053153,-49.306194,49.309402,49.717888,49.388603,0.094473,0.000000,0.000000,49.910778,0,0,-17000,0.000000,0.000000,0.000000,6,0,0
-0.008782,-0.002490,-0.021236,0.000000,0.000000,0.000000,0.000000,-0.124897,0.053966,-49.314873,49.314919,50.095741,49.388603,0.094013,0.000000,0.000000,49.704678,0,0,-17000,0.000000,0.000000,0.000000,6,0,0
-0.009705,-0.001059,-0.021868,0.000000,0.000000,0.000000,0.000000,-0.125064,0.053930,-49.316422,49.318832,49.990047,49.388603,0.093585,0.000000,0.000000,49.979477,0,0,-17000,0.000000,0.000000,0.000000,6,0,0
-0.009910,0.001142,-0.021967,0.000000,0.000000,0.000000,0.000000,-0.125245,0.053896,-49.320740,49.324177,50.085171,49.388603,0.094663,0.000000,0.000000,49.982121,0,0,-17000,0.000000,0.000000,0.000000,6,0,0
-0.006755,0.001027,-0.022242,0.000000,0.000000,0.000000,0.000000,-0.125440,0.053893,-49.321655,49.318035,49.926632,49.388603,0.094291,0.000000,0.000000,50.045536,0,0,-17000,0.000000,0.000000,0.000000,6,0,0
-0.002698,0.000109,-0.023616,0.000000,0.000000,0.000000,0.000000,-0.125602,0.053912,-49.316639,49.314255,49.720531,49.388603,0.094568,0.000000,0.000000,49.918705,0,0,-17000,0.000000,0.000000,0.000000,6,0,0
-0.007009,0.000239,-0.022022,0.000000,0.000000,0.000000,0.000000,-0.125323,0.054054,-49.322475,49.327274,49.667686,49.388603,0.093868,0.000000,0.000000,50.016472,0,0,-17000,0.000000,0.000000,0.000000,6,0,0
-0.007161,0.000787,-0.021258,0.000000,0.000000,0.000000,0.000000,-0.125449,0.054049,-49.328968,49.325844,50.074600,49.388603,0.095016,0.000000,0.000000,49.789230,0,0,-17000,0.000000,0.000000,0.000000,6,0,0
-0.006574,0.001681,-0.021537,0.000000,0.000000,0.000000,0.000000,-0.125592,0.054053,-49.321175,49.311455,49.794518,49.388603,0.094612,0.000000,0.000000,50.000618,0,0,-17000,0.000000,0.000000,0.000000,6,0,0
-0.005998,0.001003,-0.022907,0.000000,0.000000,0.000000,0.000000,-0.125736,0.054070,-49.309330,49.309830,49.707321,49.388603,0.094792,0.000000,0.000000,49.561993,0,0,-17000,0.000000,0.000000,0.000000,6,0,0
-0.006768,0.000334,-0.023622,0.000000,0.000000,0.000000,0.000000,-0.125625,0.054266,-49.311321,49.312374,50.074600,49.388603,0.094336,0.000000,0.000000,49.992691,0,0,-17000,0.000000,0.000000,0.000000,6,0,0
-0.008204,0.002415,-0.022148,0.000000,0.000000,0.000000,0.000000,-0.125743,0.054275,-49.311081,49.310703,49.834152,49.388603,0.093877,0.000000,0.000000,50.045536,0,0,-17000,0.000000,0.000000,0.000000,6,0,0
-0.008552,0.003061,-0.022534,0.000000,0.000000,0.000000,0.000000,-0.125884,0.054306,-49.312035,49.307377,49.863216,49.388603,0.095412,0.000000,0.000000,49.770737,0,0,-17000,0.000000,0.000000,0.000000,6,0,0
-0.007390,0.002731,-0.024467,0.000000,0.000000,0.000000,0.000000,-0.126058,0.054366,-49.305431,49.304008,49.953056,49.388603,0.094890,0.000000,0.000000,49.762810,0,0,-17000,0.000000,0.000000,0.000000,6,0,0
-0.007999,0.003636,-0.024915,0.000000,0.000000,0.000000,0.000000,-0.126222,0.054425,-49.303749,49.307465,49.255482,49.388603,0.095045,0.000000,0.000000,49.976837,0,0,-17000,0.000000,0.000000,0.000000,6,0,0
-0.009694,0.005272,-0.024672,0.000000,0.000000,0.000000,0.000000,-0.126129,0.054868,-49.309444,49.318325,49.630692,49.388603,0.094721,0.000000,0.000000,49.384956,0,0,-17000,0.000000,0.000000,0.000000,6,0,0
-0.010049,0.005029,-0.025270,0.000000,0.000000,0.000000,0.000000,-0.126307,0.054957,-49.319614,49.320396,49.931915,49.388603,0.094496,0.000000,0.000000,49.871143,0,0,-17000,0.000000,0.000000,0.000000,6,0,0
-0.009902,0.004918,-0.026397,0.000000,0.000000,0.000000,0.000000,-0.126502,0.055067,-49.320759,49.320534,49.894924,49.320759,0.094941,0.000000,0.000000,49.725815,0,0,-17000,0.000000,0.000000,0.000000,6,0,0
-0.010069,0.005321,-0.024416,0.000000,0.000000,0.000000,0.000000,-0.126688,0.055165,-49.319389,49.313457,49.614838,49.320759,0.094638,0.000000,0.000000,49.984764,0,0,-17000,0.000000,0.000000,0.000000,6,0,0
-0.008928,0.003258,-0.019996,0.000000,0.000000,0.000000,0.000000,-0.126892,0.055271,-49.312569,49.321438,49.942486,49.320759,0.095631,0.000000,0.000000,49.514431,0,0,-17000,0.000000,0.000000,0.000000,6,0,0
-0.007806,0.002671,-0.017685,0.000000,0.000000,0.000000,0.000000,-0.126596,0.055641,-49.323486,49.322067,49.868500,49.320759,0.095556,0.000000,0.000000,49.868500,0,0,-17000,0.000000,0.000000,0.000000,6,0,0
-0.004590,0.002909,-0.016913,0.000000,0.000000,0.000000,0.000000,-0.126757,0.055694,-49.321327,49.329380,50.338833,49.320759,0.095481,0.000000,0.000000,49.620125,0,0,-17000,0.000000,0.000000,0.000000,6,0,0
-0.004059,0.004266,-0.015035,0.000000,0.000000,0.000000,0.000000,-0.125372,0.056388,-49.330135,49.331387,49.511787,49.320759,0.096555,0.000000,0.000000,50.537006,0,0,-17000,0.000000,0.000000,0.000000,6,0,0
-0.004404,0.004001,-0.014478,0.000000,0.000000,0.000000,0.000000,-0.125451,0.056457,-49.332047,49.334419,50.095741,49.320759,0.096577,0.000000,0.000000,49.760166,0,0,-17000,0.000000,0.000000,0.000000,6,0,0
-0.003999,0.003611,-0.015403,0.000000,0.000000,0.000000,0.000000,-0.125542,0.056534,-49.335564,49.337078,50.262207,49.320759,0.097554,0.000000,0.000000,49.905495,0,0,-17000,0.000000,0.000000,0.000000,6,0,0
-0.006501,0.004754,-0.016993,0.000000,0.000000,0.000000,0.000000,-0.125296,0.056573,-49.337391,49.336567,49.860573,49.320759,0.097557,0.000000,0.000000,49.765450,0,0,-17000,0.000000,0.000000,0.000000,6,0,0
-0.008513,0.005599,-0.017746,0.000000,0.000000,0.000000,0.000000,-0.125408,0.056665,-49.335823,49.341095,49.884354,49.320759,0.097541,0.000000,0.000000,49.820938,0,0,-17000,0.000000,0.000000,0.000000,6,0,0
-0.008620,0.004019,-0.016925,0.000000,0.000000,0.000000,0.000000,-0.125551,0.056770,-49.342735,49.342663,49.569920,49.320759,0.097818,0.000000,0.000000,49.918705,0,0,-17000,0.000000,0.000000,0.000000,6,0,0
-0.008473,0.002263,-0.016907,0.000000,0.000000,0.000000,0.000000,-0.125720,0.056862,-49.341637,49.342503,49.934559,49.320759,0.097849,0.000000,0.000000,49.773376,0,0,-17000,0.000000,0.000000,0.000000,6,0,0
-0.007793,0.001795,-0.017726,0.000000,0.000000,0.000000,0.000000,-0.125890,0.056916,-49.343555,49.344528,49.694107,49.320759,0.098049,0.000000,0.000000,49.773376,0,0,-17000,0.000000,0.000000,0.000000,6,0,0
-0.010030,0.002610,-0.017959,0.000000,0.000000,0.000000,0.000000,-0.125557,0.057001,-49.344135,49.338623,50.315052,49.320759,0.098007,0.000000,0.000000,49.857933,0,0,-17000,0.000000,0.000000,0.000000,6,0,0
-0.010754,0.004472,-0.015459,0.000000,0.000000,0.000000,0.000000,-0.125745,0.057053,-49.337791,49.341106,50.262207,49.320759,0.097944,0.000000,0.000000,50.478878,0,0,-17000,0.000000,0.000000,0.000000,6,0,0
-0.012085,0.003196,-0.012820,0.000000,0.000000,0.000000,0.000000,-0.125951,0.057125,-49.342396,49.344151,49.923988,49.320759,0.098169,0.000000,0.000000,50.132732,0,0,-17000,0.000000,0.000000,0.000000,6,0,0
-0.012960,0.000723,-0.012325,0.000000,0.000000,0.000000,0.000000,-0.126173,0.057196,-49.343975,49.342960,49.252842,49.320759,0.098243,0.000000,0.000000,49.945129,0,0,-17000,0.000000,0.000000,0.000000,6,0,0
-0.013614,0.000325,-0.012710,0.000000,0.000000,0.000000,0.000000,-0.126430,0.057227,-49.342937,49.341129,50.198792,49.320759,0.098950,0.000000,0.000000,49.606911,0,0,-17000,0.000000,0.000000,0.000000,6,0,0
-0.017307,0.001948,-0.012940,0.000000,0.000000,0.000000,0.000000,-0.126529,0.057122,-49.341553,49.339527,49.757523,49.320759,0.098940,0.000000,0.000000,49.966267,0,0,-17000,0.000000,0.000000,0.000000,6,0,0
-0.019480,0.001613,-0.013483,0.000000,0.000000,0.000000,0.000000,-0.126843,0.057148,-49.336395,49.330448,49.715248,49.320759,0.098790,0.000000,0.000000,49.884354,0,0,-17000,0.000000,0.000000,0.000000,6,0,0
-0.019741,-0.001227,-0.014046,0.000000,0.000000,0.000000,0.000000,-0.127216,0.057182,-49.329571,49.331264,49.902851,49.320759,0.098619,0.000000,0.000000,49.720531,0,0,-17000,0.000000,0.000000,0.000000,6,0,0
-0.022350,-0.000722,-0.013885,0.000000,0.000000,0.000000,0.000000,-0.127613,0.057181,-49.331596,49.329315,50.262207,49.320759,0.098407,0.000000,0.000000,49.820938,0,0,-17000,0.000000,0.000000,0.000000,6,0,0
-0.020706,0.000594,-0.014362,0.000000,0.000000,0.000000,0.000000,-0.128036,0.057155,-49.329460,49.330597,49.654472,49.320759,0.098918,0.000000,0.000000,50.135376,0,0,-17000,0.000000,0.000000,0.000000,6,0,0
-0.020971,0.001503,-0.016282,0.000000,0.000000,0.000000,0.000000,-0.127956,0.057162,-49.329330,49.325909,50.410175,49.320759,0.098683,0.000000,0.000000,49.715248,0,0,-17000,0.000000,0.000000,0.000000,6,0,0
-0.022640,0.001390,-0.016837,0.000000,0.000000,0.000000,0.000000,-0.128375,0.057199,-49.326298,49.326374,50.198792,49.320759,0.098393,0.000000,0.000000,50.526440,0,0,-17000,0.000000,0.000000,0.000000,6,0,0
-0.024571,-0.001409,-0.017191,0.000000,0.000000,0.000000,0.000000,-0.128824,0.057224,-49.326824,49.323685,50.087814,49.320759,0.098191,0.000000,0.000000,49.953056,0,0,-17000,0.000000,0.000000,0.000000,6,0,0
-0.024971,-0.002905,-0.017532,0.000000,0.000000,0.000000,0.000000,-0.128326,0.056387,-49.326080,49.331409,49.667686,49.320759,0.097970,0.000000,0.000000,49.805084,0,0,-17000,0.000000,0.000000,0.000000,6,0,0
-0.025890,-0.004387,-0.017035,0.000000,0.000000,0.000000,0.000000,-0.128818,0.056337,-49.329567,49.330894,49.937202,49.320759,0.098499,0.000000,0.000000,49.651833,0,0,-17000,0.000000,0.000000,0.000000,6,0,0
-0.028080,-0.003439,-0.017176,0.000000,0.000000,0.000000,0.000000,-0.129005,0.056144,-49.332027,49.334480,49.371746,49.320759,0.098309,0.000000,0.000000,49.834152,0,0,-17000,0.000000,0.000000,0.000000,6,0,0
-0.029101,-0.004616,-0.019023,0.000000,0.000000,0.000000,0.000000,-0.129542,0.056063,-49.336468,49.333160,50.309769,49.320759,0.098122,0.000000,0.000000,49.575203,0,0,-17000,0.000000,0.000000,0.000000,6,0,0
-0.028166,-0.005409,-0.019119,0.000000,0.000000,0.000000,0.000000,-0.130115,0.055979,-49.332291,49.331306,50.071960,49.320759,0.097971,0.000000,0.000000,50.365257,0,0,-17000,0.000000,0.000000,0.000000,6,0,0
-0.027938,-0.004496,-0.017812,0.000000,0.000000,0.000000,0.000000,-0.130680,0.055875,-49.331356,49.330044,50.740467,49.320759,0.097701,0.000000,0.000000,50.082527,0,0,-17000,0.000000,0.000000,0.000000,6,0,0
-0.027575,-0.005299,-0.017812,0.000000,0.000000,0.000000,0.000000,-0.131237,0.055788,-49.328484,49.328896,49.678253,49.320759,0.098199,0.000000,0.000000,50.264851,0,0,-17000,0.000000,0.000000,0.000000,6,0,0
-0.028727,-0.005076,-0.017609,0.000000,0.000000,0.000000,0.000000,-0.131214,0.055725,-49.329201,49.326359,50.230499,49.320759,0.097884,0.000000,0.000000,49.855289,0,0,-17000,0.000000,0.000000,0.000000,6,0,0
-0.029861,-0.005064,-0.018028,0.000000,0.000000,0.000000,0.000000,-0.131772,0.055615,-49.325447,49.327675,49.485363,49.320759,0.097549,0.000000,0.000000,49.894924,0,0,-17000,0.000000,0.000000,0.000000,6,0,0
-0.034677,-0.004769,-0.018179,0.000000,0.000000,0.000000,0.000000,-0.132349,0.055505,-49.330177,49.339096,49.783947,49.320759,0.097585,0.000000,0.000000,49.702034,0,0,-17000,0.000000,0.000000,0.000000,6,0,0
-0.038911,-0.003284,-0.018980,0.000000,0.000000,0.000000,0.000000,-0.132999,0.055406,-49.341038,49.343494,50.034966,49.320759,0.097512,0.000000,0.000000,49.768093,0,0,-17000,0.000000,0.000000,0.000000,6,0,0
-0.040502,-0.003804,-0.020175,0.000000,0.000000,0.000000,0.000000,-0.133740,0.055339,-49.343716,49.341167,49.519714,49.320759,0.097630,0.000000,0.000000,49.916061,0,0,-17000,0.000000,0.000000,0.000000,6,0,0
-0.041976,-0.005923,-0.018856,0.000000,0.000000,0.000000,0.000000,-0.134081,0.055318,-49.337994,49.338730,49.974194,49.320759,0.097431,0.000000,0.000000,49.469509,0,0,-17000,0.000000,0.000000,0.000000,6,0,0
-0.040629,-0.006505,-0.016432,0.000000,0.000000,0.000000,0.000000,-0.134901,0.055207,-49.340359,49.339462,49.699394,49.320759,0.097307,0.000000,0.000000,49.945129,0,0,-17000,0.000000,0.000000,0.000000,6,0,0
-0.038563,-0.005926,-0.014707,0.000000,0.000000,0.000000,0.000000,-0.135712,0.055075,-49.338749,49.338562,50.079887,49.320759,0.097447,0.000000,0.000000,49.720531,0,0,-17000,0.000000,0.000000,0.000000,6,0,0
-0.038360,-0.006410,-0.013592,0.000000,0.000000,0.000000,0.000000,-0.136489,0.054961,-49.337742,49.336502,49.749596,49.320759,0.097325,0.000000,0.000000,50.188221,0,0,-17000,0.000000,0.000000,0.000000,6,0,0
-0.038150,-0.003322,-0.012331,0.000000,0.000000,0.000000,0.000000,-0.137250,0.054844,-49.336643,49.338070,49.625408,49.320759,0.098661,0.000000,0.000000,49.654472,0,0,-17000,0.000000,0.000000,0.000000,6,0,0
-0.040890,-0.001885,-0.012169,0.000000,0.000000,0.000000,0.000000,-0.137362,0.054966,-49.340034,49.340950,50.148586,49.320759,0.098642,0.000000,0.000000,49.807728,0,0,-17000,0.000000,0.000000,0.000000,6,0,0
-0.041212,-0.004349,-0.012425,0.000000,0.000000,0.000000,0.000000,-0.138160,0.054916,-49.339825,49.340759,49.702034,49.320759,0.098584,0.000000,0.000000,49.992691,0,0,-17000,0.000000,0.000000,0.000000,6,0,0
-0.040452,-0.003625,-0.012357,0.000000,0.000000,0.000000,0.000000,-0.138980,0.054849,-49.343151,49.352161,50.040253,49.320759,0.099287,0.000000,0.000000,49.773376,0,0,-17000,0.000000,0.000000,0.000000,6,0,0
-0.040844,-0.003495,-0.010059,0.000000,0.000000,0.000000,0.000000,-0.139785,0.054772,-49.353764,49.366894,49.683540,49.320759,0.099462,0.000000,0.000000,50.058746,0,0,-17000,0.000000,0.000000,0.000000,6,0,0
-0.040016,-0.005334,-0.008105,0.000000,0.000000,0.000000,0.000000,-0.137999,0.055200,-49.367966,49.364983,50.227856,49.320759,0.100208,0.000000,0.000000,50.005901,0,0,-17000,0.000000,0.000000,0.000000,6,0,0
-0.041060,-0.005833,-0.010332,0.000000,0.000000,0.000000,0.000000,-0.138047,0.055222,-49.363926,49.361954,50.008545,49.320759,0.100381,0.000000,0.000000,49.955696,0,0,-17000,0.000000,0.000000,0.000000,6,0,0
-0.042909,-0.005840,-0.013554,0.000000,0.000000,0.000000,0.000000,-0.138851,0.055105,-49.362259,49.358425,49.511787,49.320759,0.100438,0.000000,0.000000,49.897568,0,0,-17000,0.000000,0.000000,0.000000,6,0,0
-0.044396,-0.006662,-0.015003,0.000000,0.000000,0.000000,0.000000,-0.139684,0.054991,-49.355537,49.355160,49.916061,49.355537,0.100113,0.000000,0.000000,49.953056,0,0,-17000,0.000000,0.000000,0.000000,6,0,0
-0.044456,-0.007430,-0.014555,0.000000,0.000000,0.000000,0.000000,-0.140564,0.054870,-49.357327,49.363338,49.818298,49.355537,0.100086,0.000000,0.000000,49.913422,0,0,-17000,0.000000,0.000000,0.000000,6,0,0
-0.041171,-0.008748,-0.012467,0.000000,0.000000,0.000000,0.000000,-0.141460,0.054721,-49.364300,49.371277,49.641262,49.355537,0.100591,0.000000,0.000000,49.857933,0,0,-17000,0.000000,0.000000,0.000000,6,0,0
-0.042466,-0.008408,-0.009999,0.000000,0.000000,0.000000,0.000000,-0.141327,0.054516,-49.375576,49.376118,49.720531,49.355537,0.100858,0.000000,0.000000,49.971550,0,0,-17000,0.000000,0.000000,0.000000,6,0,0
-0.043861,-0.008202,-0.010694,0.000000,0.000000,0.000000,0.000000,-0.142160,0.054346,-49.375057,49.377739,49.577847,49.355537,0.101101,0.000000,0.000000,49.588413,0,0,-17000,0.000000,0.000000,0.000000,6,0,0
-0.044997,-0.007405,-0.010079,0.000000,0.000000,0.000000,0.000000,-0.143027,0.054183,-49.378456,49.374786,49.947769,49.355537,0.100986,0.000000,0.000000,49.987404,0,0,-17000,0.000000,0.000000,0.000000,6,0,0
-0.045894,-0.007961,-0.009643,0.000000,0.000000,0.000000,0.000000,-0.143901,0.054028,-49.372734,49.371159,49.968910,49.355537,0.101101,0.000000,0.000000,49.982121,0,0,-17000,0.000000,0.000000,0.000000,6,0,0
-0.041543,-0.007985,-0.009432,0.000000,0.000000,0.000000,0.000000,-0.144787,0.053863,-49.370621,49.370361,50.291271,49.355537,0.101442,0.000000,0.000000,50.132732,0,0,-17000,0.000000,0.000000,0.000000,6,0,0
-0.039914,-0.008838,-0.008563,0.000000,0.000000,0.000000,0.000000,-0.143925,0.053613,-49.371101,49.369213,49.955696,49.355537,0.101523,0.000000,0.000000,50.256924,0,0,-17000,0.000000,0.000000,0.000000,6,0,0
-0.038723,-0.007971,-0.009480,0.000000,0.000000,0.000000,0.000000,-0.144731,0.053456,-49.367340,49.363274,50.008545,49.355537,0.101514,0.000000,0.000000,50.064034,0,0,-17000,0.000000,0.000000,0.000000,6,0,0
-0.039739,-0.005676,-0.008831,0.000000,0.000000,0.000000,0.000000,-0.145510,0.053296,-49.364304,49.363705,50.011185,49.355537,0.101138,0.000000,0.000000,49.937202,0,0,-17000,0.000000,0.000000,0.000000,6,0,0
-0.040294,-0.003371,-0.008337,0.000000,0.000000,0.000000,0.000000,-0.146308,0.053160,-49.362766,49.361881,50.238426,49.355537,0.101104,0.000000,0.000000,49.916061,0,0,-17000,0.000000,0.000000,0.000000,6,0,0
-0.037999,-0.000924,-0.009170,0.000000,0.000000,0.000000,0.000000,-0.147114,0.053074,-49.362881,49.366894,50.111595,49.355537,0.101400,0.000000,0.000000,49.749596,0,0,-17000,0.000000,0.000000,0.000000,6,0,0
-0.036636,-0.000398,-0.009447,0.000000,0.000000,0.000000,0.000000,-0.146986,0.053223,-49.366207,49.362026,50.027039,49.355537,0.101398,0.000000,0.000000,49.857933,0,0,-17000,0.000000,0.000000,0.000000,6,0,0
-0.034478,-0.000275,-0.008261,0.000000,0.000000,0.000000,0.000000,-0.147717,0.053202,-49.360710,49.362209,50.130089,49.355537,0.101345,0.000000,0.000000,50.122162,0,0,-17000,0.000000,0.000000,0.000000,6,0,0
-0.033928,0.000944,-0.007936,0.000000,0.000000,0.000000,0.000000,-0.148415,0.053194,-49.363377,49.362846,49.702034,49.355537,0.101581,0.000000,0.000000,50.172367,0,0,-17000,0.000000,0.000000,0.000000,6,0,0
-0.036517,-0.000075,-0.008857,0.000000,0.000000,0.000000,0.000000,-0.149097,0.053210,-49.361927,49.361771,50.375828,49.355537,0.101534,0.000000,0.000000,49.675613,0,0,-17000,0.000000,0.000000,0.000000,6,0,0
-0.033357,0.000080,-0.009607,0.000000,0.000000,0.000000,0.000000,-0.149802,0.053213,-49.362564,49.362297,49.670326,49.355537,0.101706,0.000000,0.000000,50.156513,0,0,-17000,0.000000,0.000000,0.000000,6,0,0
-0.034059,0.004692,-0.009254,0.000000,0.000000,0.000000,0.000000,-0.141197,0.053921,-49.357769,49.362541,50.214645,49.355537,0.101610,0.000000,0.000000,49.836792,0,0,-17000,0.000000,0.000000,0.000000,6,0,0
-0.037463,0.006044,-0.009296,0.000000,0.000000,0.000000,0.000000,-0.141853,0.053996,-49.364258,49.364670,50.362614,49.355537,0.101574,0.000000,0.000000,50.066673,0,0,-17000,0.000000,0.000000,0.000000,6,0,0
-0.039282,0.005021,-0.010356,0.000000,0.000000,0.000000,0.000000,-0.142572,0.054116,-49.364204,49.361012,49.501217,49.355537,0.101087,0.000000,0.000000,50.317696,0,0,-17000,0.000000,0.000000,0.000000,6,0,0
-0.038474,0.004814,-0.011497,0.000000,0.000000,0.000000,0.000000,-0.143338,0.054225,-49.359074,49.361652,49.926632,49.355537,0.100917,0.000000,0.000000,49.725815,0,0,-17000,0.000000,0.000000,0.000000,6,0,0
-0.033069,0.008942,-0.012615,0.000000,0.000000,0.000000,0.000000,-0.144107,0.054325,-49.361759,49.361713,49.889641,49.355537,0.101665,0.000000,0.000000,49.768093,0,0,-17000,0.000000,0.000000,0.000000,6,0,0
-0.033729,0.011487,-0.013808,0.000000,0.000000,0.000000,0.000000,-0.142836,0.054842,-49.361320,49.359272,49.696751,49.355537,0.101472,0.000000,0.000000,49.894924,0,0,-17000,0.000000,0.000000,0.000000,6,0,0
-0.035816,0.012155,-0.014822,0.000000,0.000000,0.000000,0.000000,-0.143505,0.055057,-49.357971,49.359604,49.905495,49.355537,0.101227,0.000000,0.000000,50.045536,0,0,-17000,0.000000,0.000000,0.000000,6,0,0
-0.035207,0.012698,-0.014816,0.000000,0.000000,0.000000,0.000000,-0.144196,0.055298,-49.358425,49.352562,50.204075,49.355537,0.100585,0.000000,0.000000,49.440445,0,0,-17000,0.000000,0.000000,0.000000,6,0,0
-0.031860,0.012478,-0.014075,0.000000,0.000000,0.000000,0.000000,-0.144909,0.055543,-49.350952,49.353691,50.048180,49.355537,0.100232,0.000000,0.000000,50.016472,0,0,-17000,0.000000,0.000000,0.000000,6,0,0
-0.024619,0.013086,-0.014491,0.000000,0.000000,0.000000,0.000000,-0.145572,0.055800,-49.353958,49.355614,50.312412,49.355537,0.100374,0.000000,0.000000,49.918705,0,0,-17000,0.000000,0.000000,0.000000,6,0,0
-0.023706,0.012707,-0.013569,0.000000,0.000000,0.000000,0.000000,-0.144361,0.056241,-49.355984,49.361065,50.251637,49.355537,0.100147,0.000000,0.000000,50.608349,0,0,-17000,0.000000,0.000000,0.000000,6,0,0
-0.026226,0.014920,-0.011500,0.000000,0.000000,0.000000,0.000000,-0.144838,0.056495,-49.363071,49.366821,49.609554,49.355537,0.100067,0.000000,0.000000,49.897568,0,0,-17000,0.000000,0.000000,0.000000,6,0,0
-0.029911,0.016830,-0.011244,0.000000,0.000000,0.000000,0.000000,-0.145347,0.056774,-49.366947,49.369816,50.159157,49.355537,0.099886,0.000000,0.000000,49.807728,0,0,-17000,0.000000,0.000000,0.000000,6,0,0
-0.030940,0.018209,-0.010376,0.000000,0.000000,0.000000,0.000000,-0.145916,0.057093,-49.370373,49.371250,49.773376,49.355537,0.099906,0.000000,0.000000,50.167084,0,0,-17000,0.000000,0.000000,0.000000,6,0,0
-0.023541,0.018076,-0.009386,0.000000,0.000000,0.000000,0.000000,-0.146528,0.057436,-49.371826,49.374428,50.045536,49.355537,0.100414,0.000000,0.000000,50.011185,0,0,-17000,0.000000,0.000000,0.000000,6,0,0
-0.018363,0.015422,-0.008473,0.000000,0.000000,0.000000,0.000000,-0.145322,0.057897,-49.376137,49.373985,50.032326,49.355537,0.100512,0.000000,0.000000,50.093098,0,0,-17000,0.000000,0.000000,0.000000,6,0,0
-0.016498,0.015338,-0.006129,0.000000,0.000000,0.000000,0.000000,-0.145734,0.058222,-49.375065,49.373688,49.976837,49.355537,0.100625,0.000000,0.000000,49.871143,0,0,-17000,0.000000,0.000000,0.000000,6,0,0
-0.017560,0.017820,-0.004348,0.000000,0.000000,0.000000,0.000000,-0.146082,0.058522,-49.374088,49.377640,49.836792,49.355537,0.100552,0.000000,0.000000,49.712605,0,0,-17000,0.000000,0.000000,0.000000,6,0,0
-0.015996,0.017812,-0.003980,0.000000,0.000000,0.000000,0.000000,-0.146805,0.059208,-49.379997,49.380287,49.559349,49.355537,0.101295,0.000000,0.000000,50.116879,0,0,-17000,0.000000,0.000000,0.000000,6,0,0
-0.015585,0.018741,-0.003140,0.000000,0.000000,0.000000,0.000000,-0.145702,0.059930,-49.382690,49.382832,50.074600,49.355537,0.101550,0.000000,0.000000,49.638618,0,0,-17000,0.000000,0.000000,0.000000,6,0,0
-0.017941,0.015710,-0.002173,0.000000,0.000000,0.000000,0.000000,-0.146002,0.060287,-49.381660,49.391254,50.005901,49.355537,0.101815,0.000000,0.000000,50.103668,0,0,-17000,0.000000,0.000000,0.000000,6,0,0
-0.019390,0.012987,-0.001356,0.000000,0.000000,0.000000,0.000000,-0.137825,0.061364,-49.392170,49.395504,50.093098,49.355537,0.101699,0.000000,0.000000,49.823582,0,0,-17000,0.000000,0.000000,0.000000,6,0,0
-0.017746,0.013158,-0.000919,0.000000,0.000000,0.000000,0.000000,-0.138195,0.061645,-49.397835,49.399517,50.317696,49.355537,0.102087,0.000000,0.000000,50.515869,0,0,-17000,0.000000,0.000000,0.000000,6,0,0
-0.014600,0.014153,0.000252,0.000000,0.000000,0.000000,0.000000,-0.138564,0.061907,-49.397457,49.397041,50.222572,49.355537,0.103101,0.000000,0.000000,50.222572,0,0,-17000,0.000000,0.000000,0.000000,6,0,0
-0.016062,0.014761,0.003559,0.000000,0.000000,0.000000,0.000000,-0.137244,0.062336,-49.397160,49.395073,50.103668,49.355537,0.103445,0.000000,0.000000,50.027039,0,0,-17000,0.000000,0.000000,0.000000,6,0,0
-0.015447,0.014982,0.006440,0.000000,0.000000,0.000000,0.000000,-0.137559,0.062612,-49.395027,49.393269,50.148586,49.355537,0.103813,0.000000,0.000000,50.103668,0,0,-17000,0.000000,0.000000,0.000000,6,0,0
-0.015476,0.014362,0.007372,0.000000,0.000000,0.000000,0.000000,-0.137867,0.062906,-49.391544,49.395508,49.765450,49.355537,0.103449,0.000000,0.000000,49.966267,0,0,-17000,0.000000,0.000000,0.000000,6,0,0
-0.015765,0.017217,0.008244,0.000000,0.000000,0.000000,0.000000,-0.138169,0.063194,-49.395554,49.390896,49.464226,49.355537,0.103794,0.000000,0.000000,49.797157,0,0,-17000,0.000000,0.000000,0.000000,6,0,0
-0.015900,0.018132,0.008709,0.000000,0.000000,0.000000,0.000000,-0.138492,0.063510,-49.392471,49.393436,49.889641,49.355537,0.103410,0.000000,0.000000,49.519714,0,0,-17000,0.000000,0.000000,0.000000,6,0,0
-0.016275,0.018157,0.008580,0.000000,0.000000,0.000000,0.000000,-0.137937,0.063533,-49.394211,49.395199,50.246353,49.355537,0.103771,0.000000,0.000000,49.897568,0,0,-17000,0.000000,0.000000,0.000000,6,0,0
-0.015448,0.019123,0.009461,0.000000,0.000000,0.000000,0.000000,-0.138271,0.063900,-49.397316,49.408173,50.188221,49.355537,0.104260,0.000000,0.000000,50.248997,0,0,-17000,0.000000,0.000000,0.000000,6,0,0
-0.016250,0.020955,0.010809,0.000000,0.000000,0.000000,0.000000,-0.138577,0.064265,-49.408905,49.405910,49.786591,49.408173,0.104018,0.000000,0.000000,50.114235,0,0,-17000,0.000000,0.000000,0.000000,6,0,0
-0.016612,0.020998,0.011297,0.000000,0.000000,0.000000,0.000000,-0.138878,0.064660,-49.404434,49.405445,49.773376,49.408173,0.104493,0.000000,0.000000,49.805084,0,0,-17000,0.000000,0.000000,0.000000,6,0,0
-0.011175,0.016170,0.014958,0.000000,0.000000,0.000000,0.000000,-0.139201,0.065078,-49.406761,49.408291,50.338833,49.408173,0.104183,0.000000,0.000000,49.902851,0,0,-17000,0.000000,0.000000,0.000000,6,0,0
-0.010976,0.011773,0.018410,0.000000,0.000000,0.000000,0.000000,-0.137818,0.064754,-49.407650,49.410519,49.997974,49.408173,0.104808,0.000000,0.000000,50.267490,0,0,-17000,0.000000,0.000000,0.000000,6,0,0
-0.011906,0.011054,0.019537,0.000000,0.000000,0.000000,0.000000,-0.138057,0.065027,-49.411274,49.414581,50.056107,49.408173,0.105517,0.000000,0.000000,50.283344,0,0,-17000,0.000000,0.000000,0.000000,6,0,0
-0.013021,0.013122,0.021799,0.000000,0.000000,0.000000,0.000000,-0.138305,0.065253,-49.414383,49.414413,50.280704,49.408173,0.105837,0.000000,0.000000,49.939842,0,0,-17000,0.000000,0.000000,0.000000,6,0,0
-0.011834,0.013974,0.023851,0.000000,0.000000,0.000000,0.000000,-0.138558,0.065492,-49.414810,49.411087,49.630692,49.408173,0.106554,0.000000,0.000000,50.198792,0,0,-17000,0.000000,0.000000,0.000000,6,0,0
-0.007433,0.012633,0.023744,0.000000,0.000000,0.000000,0.000000,-0.138800,0.065760,-49.410789,49.413391,50.148586,49.408173,0.106065,0.000000,0.000000,49.580486,0,0,-17000,0.000000,0.000000,0.000000,6,0,0
-0.007199,0.013028,0.024510,0.000000,0.000000,0.000000,0.000000,-0.138037,0.065408,-49.414291,49.415012,49.643906,49.408173,0.106786,0.000000,0.000000,50.019112,0,0,-17000,0.000000,0.000000,0.000000,6,0,0
-0.009165,0.011834,0.024247,0.000000,0.000000,0.000000,0.000000,-0.138185,0.065671,-49.413292,49.411903,50.190865,49.408173,0.107453,0.000000,0.000000,49.797157,0,0,-17000,0.000000,0.000000,0.000000,6,0,0
-0.010342,0.008954,0.023115,0.000000,0.000000,0.000000,0.000000,-0.138347,0.065917,-49.412327,49.416874,50.204075,49.408173,0.107418,0.000000,0.000000,50.243710,0,0,-17000,0.000000,0.000000,0.000000,6,0,0
-0.011874,0.007152,0.023031,0.000000,0.000000,0.000000,0.000000,-0.133157,0.063882,-49.417408,49.415932,49.688824,49.408173,0.108035,0.000000,0.000000,50.233143,0,0,-17000,0.000000,0.000000,0.000000,6,0,0
-0.009921,0.005278,0.025018,0.000000,0.000000,0.000000,0.000000,-0.133384,0.064040,-49.416916,49.426697,49.236988,49.408173,0.107337,0.000000,0.000000,49.649189,0,0,-17000,0.000000,0.000000,0.000000,6,0,0
-0.011580,0.004500,0.028005,0.000000,0.000000,0.000000,0.000000,-0.132579,0.063595,-49.428783,49.433826,49.646545,49.408173,0.108209,0.000000,0.000000,49.281906,0,0,-17000,0.000000,0.000000,0.000000,6,0,0
-0.011937,0.005406,0.029855,0.000000,0.000000,0.000000,0.000000,-0.132785,0.063689,-49.435440,49.436886,49.855289,49.408173,0.109195,0.000000,0.000000,49.823582,0,0,-17000,0.000000,0.000000,0.000000,6,0,0
-0.010702,0.005144,0.029626,0.000000,0.000000,0.000000,0.000000,-0.133024,0.063785,-49.436054,49.439495,50.005901,49.408173,0.109768,0.000000,0.000000,49.654472,0,0,-17000,0.000000,0.000000,0.000000,6,0,0
-0.011415,0.004204,0.029320,0.000000,0.000000,0.000000,0.000000,-0.133252,0.063894,-49.440708,49.439812,50.219929,49.408173,0.110692,0.000000,0.000000,49.942486,0,0,-17000,0.000000,0.000000,0.000000,6,0,0
-0.012800,0.000253,0.028874,0.000000,0.000000,0.000000,0.000000,-0.133465,0.063983,-49.439068,49.434284,49.628052,49.408173,0.109702,0.000000,0.000000,50.320339,0,0,-17000,0.000000,0.000000,0.000000,6,0,0
-0.015135,-0.001165,0.027197,0.000000,0.000000,0.000000,0.000000,-0.132989,0.063198,-49.432026,49.428143,50.008545,49.408173,0.110328,0.000000,0.000000,49.789230,0,0,-17000,0.000000,0.000000,0.000000,6,0,0
-0.017737,0.001308,0.027710,0.000000,0.000000,0.000000,0.000000,-0.133270,0.063178,-49.428032,49.429379,49.876427,49.408173,0.110898,0.000000,0.000000,50.114235,0,0,-17000,0.000000,0.000000,0.000000,6,0,0
-0.020736,0.003251,0.030484,0.000000,0.000000,0.000000,0.000000,-0.133611,0.063180,-49.430145,49.434967,49.783947,49.408173,0.110361,0.000000,0.000000,49.728458,0,0,-17000,0.000000,0.000000,0.000000,6,0,0
-0.022951,0.005135,0.032490,0.000000,0.000000,0.000000,0.000000,-0.134006,0.063228,-49.436359,49.437542,50.027039,49.408173,0.111112,0.000000,0.000000,49.905495,0,0,-17000,0.000000,0.000000,0.000000,6,0,0
-0.022904,0.002679,0.032496,0.000000,0.000000,0.000000,0.000000,-0.134447,0.063310,-49.436893,49.434555,50.325623,49.408173,0.109983,0.000000,0.000000,50.151230,0,0,-17000,0.000000,0.000000,0.000000,6,0,0
-0.023436,0.002437,0.031891,0.000000,0.000000,0.000000,0.000000,-0.134464,0.062647,-49.433853,49.436409,49.968910,49.408173,0.110669,0.000000,0.000000,50.066673,0,0,-17000,0.000000,0.000000,0.000000,6,0,0
-0.022532,0.004888,0.032095,0.000000,0.000000,0.000000,0.000000,-0.134929,0.062712,-49.438576,49.441700,50.285988,49.408173,0.111430,0.000000,0.000000,50.124805,0,0,-17000,0.000000,0.000000,0.000000,6,0,0
-0.021556,0.006975,0.033628,0.000000,0.000000,0.000000,0.000000,-0.135385,0.062802,-49.441650,49.447548,49.905495,49.408173,0.110329,0.000000,0.000000,50.151230,0,0,-17000,0.000000,0.000000,0.000000,6,0,0
-0.021411,0.006917,0.034814,0.000000,0.000000,0.000000,0.000000,-0.135818,0.062927,-49.448242,49.450031,50.103668,49.408173,0.111211,0.000000,0.000000,49.762810,0,0,-17000,0.000000,0.000000,0.000000,6,0,0
-0.019225,0.005896,0.035839,0.000000,0.000000,0.000000,0.000000,-0.136254,0.063062,-49.451885,49.452354,50.101025,49.408173,0.110245,0.000000,0.000000,50.330906,0,0,-17000,0.000000,0.000000,0.000000,6,0,0
-0.019176,0.009099,0.036588,0.000000,0.000000,0.000000,0.000000,-0.136111,0.062724,-49.450890,49.448689,49.908134,49.408173,0.111071,0.000000,0.000000,49.828865,0,0,-17000,0.000000,0.000000,0.000000,6,0,0
-0.020324,0.010784,0.036041,0.000000,0.000000,0.000000,0.000000,-0.136496,0.062876,-49.449852,49.448547,50.349403,49.408173,0.111895,0.000000,0.000000,50.124805,0,0,-17000,0.000000,0.000000,0.000000,6,0,0
-0.019421,0.009482,0.035352,0.000000,0.000000,0.000000,0.000000,-0.136894,0.063089,-49.446636,49.447147,49.672970,49.408173,0.110704,0.000000,0.000000,50.037609,0,0,-17000,0.000000,0.000000,0.000000,6,0,0
-0.019204,0.011679,0.036635,0.000000,0.000000,0.000000,0.000000,-0.137281,0.063298,-49.448509,49.454811,50.095741,49.408173,0.111487,0.000000,0.000000,49.728458,0,0,-17000,0.000000,0.000000,0.000000,6,0,0
-0.017189,0.015530,0.037346,0.000000,0.000000,0.000000,0.000000,-0.135950,0.060094,-49.456245,49.457550,50.280704,49.408173,0.110386,0.000000,0.000000,50.085171,0,0,-17000,0.000000,0.000000,0.000000,6,0,0
-0.016420,0.018578,0.038462,0.000000,0.000000,0.000000,0.000000,-0.135347,0.060225,-49.456360,49.450211,49.945129,49.408173,0.111188,0.000000,0.000000,50.019112,0,0,-17000,0.000000,0.000000,0.000000,6,0,0
-0.017417,0.020813,0.038886,0.000000,0.000000,0.000000,0.000000,-0.135681,0.060581,-49.446732,49.438660,49.554066,49.408173,0.111826,0.000000,0.000000,49.720531,0,0,-17000,0.000000,0.000000,0.000000,6,0,0
-0.016524,0.021953,0.037317,0.000000,0.000000,0.000000,0.000000,-0.136014,0.060981,-49.437180,49.436928,50.090454,49.408173,0.110418,0.000000,0.000000,49.686180,0,0,-17000,0.000000,0.000000,0.000000,6,0,0
-0.015989,0.019719,0.036123,0.000000,0.000000,0.000000,0.000000,-0.136356,0.061415,-49.436611,49.433628,50.103668,49.408173,0.110870,0.000000,0.000000,50.227856,0,0,-17000,0.000000,0.000000,0.000000,6,0,0
-0.013302,0.017920,0.034854,0.000000,0.000000,0.000000,0.000000,-0.136682,0.061830,-49.434082,49.434032,50.032326,49.408173,0.109464,0.000000,0.000000,50.214645,0,0,-17000,0.000000,0.000000,0.000000,6,0,0
-0.009197,0.020053,0.034871,0.000000,0.000000,0.000000,0.000000,-0.136349,0.061808,-49.435543,49.438271,49.813011,49.408173,0.109894,0.000000,0.000000,50.108952,0,0,-17000,0.000000,0.000000,0.000000,6,0,0
-0.007228,0.023370,0.033899,0.000000,0.000000,0.000000,0.000000,-0.136551,0.062196,-49.436775,49.436489,50.003258,49.408173,0.110301,0.000000,0.000000,49.876427,0,0,-17000,0.000000,0.000000,0.000000,6,0,0
-0.006167,0.024032,0.032040,0.000000,0.000000,0.000000,0.000000,-0.136692,0.062634,-49.436932,49.438766,50.003258,49.408173,0.110205,0.000000,0.000000,49.942486,0,0,-17000,0.000000,0.000000,0.000000,6,0,0
-0.008257,0.022231,0.032024,0.000000,0.000000,0.000000,0.000000,-0.136804,0.063102,-49.438522,49.435070,49.860573,49.408173,0.110574,0.000000,0.000000,50.256924,0,0,-17000,0.000000,0.000000,0.000000,6,0,0
-0.005106,0.019399,0.032754,0.000000,0.000000,0.000000,0.000000,-0.136939,0.063553,-49.434353,49.433571,49.665043,49.408173,0.109138,0.000000,0.000000,49.910778,0,0,-17000,0.000000,0.000000,0.000000,6,0,0
-0.004521,0.020026,0.033005,0.000000,0.000000,0.000000,0.000000,-0.135879,0.063554,-49.434086,49.439346,50.153873,49.408173,0.109478,0.000000,0.000000,49.707321,0,0,-17000,0.000000,0.000000,0.000000,6,0,0
-0.005297,0.022069,0.032819,0.000000,0.000000,0.000000,0.000000,-0.135966,0.063942,-49.441380,49.441673,49.820938,49.408173,0.109906,0.000000,0.000000,50.119522,0,0,-17000,0.000000,0.000000,0.000000,6,0,0
-0.006196,0.023064,0.033936,0.000000,0.000000,0.000000,0.000000,-0.136068,0.064364,-49.441116,49.445686,49.723175,49.408173,0.108748,0.000000,0.000000,49.836792,0,0,-17000,0.000000,0.000000,0.000000,6,0,0
-0.007051,0.023523,0.034691,0.000000,0.000000,0.000000,0.000000,-0.136190,0.064808,-49.447495,49.449463,50.690262,49.408173,0.109301,0.000000,0.000000,49.762810,0,0,-17000,0.000000,0.000000,0.000000,6,0,0
-0.008109,0.022545,0.035658,0.000000,0.000000,0.000000,0.000000,-0.136323,0.065272,-49.449337,49.446507,50.610992,49.408173,0.108838,0.000000,0.000000,50.566074,0,0,-17000,0.000000,0.000000,0.000000,6,0,0
-0.009857,0.022227,0.034706,0.000000,0.000000,0.000000,0.000000,-0.135917,0.065634,-49.447384,49.453655,50.264851,49.408173,0.109398,0.000000,0.000000,50.407536,0,0,-17000,0.000000,0.000000,0.000000,6,0,0
-0.010562,0.021015,0.033346,0.000000,0.000000,0.000000,0.000000,-0.136106,0.066070,-49.454514,49.451927,50.196148,49.408173,0.109965,0.000000,0.000000,50.341476,0,0,-17000,0.000000,0.000000,0.000000,6,0,0
-0.010184,0.020011,0.034101,0.000000,0.000000,0.000000,0.000000,-0.136310,0.066484,-49.451805,49.456429,49.805084,49.451927,0.108889,0.000000,0.000000,50.108952,0,0,-17000,0.000000,0.000000,0.000000,6,0,0
-0.010352,0.020385,0.036407,0.000000,0.000000,0.000000,0.000000,-0.136520,0.066890,-49.458523,49.457020,50.000618,49.451927,0.109521,0.000000,0.000000,49.995331,0,0,-17000,0.000000,0.000000,0.000000,6,0,0
-0.007157,0.022253,0.037789,0.000000,0.000000,0.000000,0.000000,-0.136730,0.067294,-49.455685,49.453888,49.546139,49.451927,0.108492,0.000000,0.000000,49.778664,0,0,-17000,0.000000,0.000000,0.000000,6,0,0
-0.004923,0.015156,0.038193,0.000000,0.000000,0.000000,0.000000,-0.131941,0.066420,-49.444878,49.448483,49.945129,49.451927,0.109086,0.000000,0.000000,49.802444,0,0,-17000,0.000000,0.000000,0.000000,6,0,0
-0.003243,0.012057,0.037633,0.000000,0.000000,0.000000,0.000000,-0.132053,0.066734,-49.450245,49.450523,49.638618,49.451927,0.109742,0.000000,0.000000,49.963623,0,0,-17000,0.000000,0.000000,0.000000,6,0,0
-0.000903,0.010906,0.035705,0.000000,0.000000,0.000000,0.000000,-0.132132,0.066986,-49.450359,49.445099,50.309769,49.451927,0.109278,0.000000,0.000000,50.016472,0,0,-17000,0.000000,0.000000,0.000000,6,0,0
-0.000258,0.009310,0.034156,0.000000,0.000000,0.000000,0.000000,-0.132166,0.067201,-49.443172,49.441513,50.502659,49.451927,0.109707,0.000000,0.000000,50.645344,0,0,-17000,0.000000,0.000000,0.000000,6,0,0
0.001095,0.007921,0.034468,0.000000,0.000000,0.000000,0.000000,-0.132175,0.067405,-49.442303,49.446388,50.082527,49.451927,0.108571,0.000000,0.000000,50.167084,0,0,-17000,0.000000,0.000000,0.000000,6,0,0
0.000928,0.009834,0.034439,0.000000,0.000000,0.000000,0.000000,-0.131518,0.067375,-49.447231,49.450939,49.799801,49.451927,0.109112,0.000000,0.000000,50.204075,0,0,-17000,0.000000,0.000000,0.000000,6,0,0
-0.000164,0.013024,0.035085,0.000000,0.000000,0.000000,0.000000,-0.131517,0.067552,-49.451416,49.452904,49.675613,49.451927,0.109714,0.000000,0.000000,50.008545,0,0,-17000,0.000000,0.000000,0.000000,6,0,0
-0.000801,0.014743,0.033536,0.000000,0.000000,0.000000,0.000000,-0.131526,0.067774,-49.452126,49.452301,50.243710,49.451927,0.109260,0.000000,0.000000,49.604271,0,0,-17000,0.000000,0.000000,0.000000,6,0,0
-0.001859,0.015328,0.030763,0.000000,0.000000,0.000000,0.000000,-0.131550,0.068053,-49.452625,49.452141,49.604271,49.451927,0.109779,0.000000,0.000000,50.021755,0,0,-17000,0.000000,0.000000,0.000000,6,0,0
-0.000493,0.012277,0.031692,0.000000,0.000000,0.000000,0.000000,-0.131573,0.068362,-49.452450,49.455322,49.773376,49.451927,0.108649,0.000000,0.000000,49.955696,0,0,-17000,0.000000,0.000000,0.000000,6,0,0
0.001679,0.012117,0.031010,0.000000,0.000000,0.000000,0.000000,-0.131056,0.068009,-49.454899,49.453579,49.831509,49.451927,0.109166,0.000000,0.000000,49.443089,0,0,-17000,0.000000,0.000000,0.000000,6,0,0
0.002356,0.011567,0.030775,0.000000,0.000000,0.000000,0.000000,-0.131044,0.068256,-49.452160,49.451004,50.048180,49.451927,0.109607,0.000000,0.000000,49.810371,0,0,-17000,0.000000,0.000000,0.000000,6,0,0
0.001872,0.011972,0.030110,0.000000,0.000000,0.000000,0.000000,-0.130997,0.068483,-49.451241,49.452209,50.230499,49.451927,0.109057,0.000000,0.000000,50.034966,0,0,-17000,0.000000,0.000000,0.000000,6,0,0
0.001461,0.013577,0.029326,0.000000,0.000000,0.000000,0.000000,-0.130948,0.068710,-49.451572,49.449451,50.048180,49.451927,0.109446,0.000000,0.000000,50.132732,0,0,-17000,0.000000,0.000000,0.000000,6,0,0
0.003507,0.010059,0.029032,0.000000,0.000000,0.000000,0.000000,-0.130915,0.068969,-49.448318,49.449554,50.013828,49.451927,0.108192,0.000000,0.000000,50.019112,0,0,-17000,0.000000,0.000000,0.000000,6,0,0
0.003390,0.009914,0.030756,0.000000,0.000000,0.000000,0.000000,-0.130198,0.068134,-49.453297,49.462490,50.198792,49.451927,0.108671,0.000000,0.000000,50.275417,0,0,-17000,0.000000,0.000000,0.000000,6,0,0
0.004543,0.008033,0.032128,0.000000,0.000000,0.000000,0.000000,-0.130120,0.068337,-49.465843,49.471115,50.272778,49.451927,0.109340,0.000000,0.000000,50.119522,0,0,-17000,0.000000,0.000000,0.000000,6,0,0
0.004405,0.007026,0.033512,0.000000,0.000000,0.000000,0.000000,-0.130035,0.068520,-49.472713,49.477299,50.359974,49.451927,0.108519,0.000000,0.000000,50.021755,0,0,-17000,0.000000,0.000000,0.000000,6,0,0
0.001263,0.007445,0.032108,0.000000,0.000000,0.000000,0.000000,-0.129937,0.068668,-49.478508,49.478752,49.702034,49.451927,0.109326,0.000000,0.000000,50.291271,0,0,-17000,0.000000,0.000000,0.000000,6,0,0
0.000990,0.003998,0.029998,0.000000,0.000000,0.000000,0.000000,-0.129888,0.068814,-49.477974,49.478718,50.027039,49.451927,0.109008,0.000000,0.000000,49.860573,0,0,-17000,0.000000,0.000000,0.000000,6,0,0
0.003106,0.002408,0.030027,0.000000,0.000000,0.000000,0.000000,-0.130125,0.068002,-49.478912,49.473721,49.604271,49.451927,0.109638,0.000000,0.000000,49.786591,0,0,-17000,0.000000,0.000000,0.000000,6,0,0
0.000673,0.002860,0.029517,0.000000,0.000000,0.000000,0.000000,-0.130083,0.068073,-49.471611,49.471519,49.702034,49.451927,0.110160,0.000000,0.000000,49.604271,0,0,-17000,0.000000,0.000000,0.000000,6,0,0
0.001318,0.003985,0.026483,0.000000,0.000000,0.000000,0.000000,-0.127793,0.064513,-49.471439,49.468643,50.500015,49.451927,0.108923,0.000000,0.000000,49.805084,0,0,-17000,0.000000,0.000000,0.000000,6,0,0
0.000790,0.006073,0.025945,0.000000,0.000000,0.000000,0.000000,-0.127788,0.064592,-49.467003,49.470100,49.760166,49.451927,0.109264,0.000000,0.000000,50.122162,0,0,-17000,0.000000,0.000000,0.000000,6,0,0
-0.003960,0.003605,0.027950,0.000000,0.000000,0.000000,0.000000,-0.127770,0.064702,-49.471859,49.482674,49.847363,49.451927,0.108779,0.000000,0.000000,49.783947,0,0,-17000,0.000000,0.000000,0.000000,6,0,0
-0.005788,0.001859,0.029378,0.000000,0.000000,0.000000,0.000000,-0.128413,0.064173,-49.485359,49.486546,50.663837,49.451927,0.109433,0.000000,0.000000,49.916061,0,0,-17000,0.000000,0.000000,0.000000,6,0,0
-0.007307,0.002483,0.029277,0.000000,0.000000,0.000000,0.000000,-0.128509,0.064220,-49.487114,49.488762,49.403454,49.451927,0.110119,0.000000,0.000000,50.275417,0,0,-17000,0.000000,0.000000,0.000000,6,0,0
-0.006699,0.006797,0.028893,0.000000,0.000000,0.000000,0.000000,-0.128643,0.064248,-49.487049,49.487167,49.657116,49.451927,0.109066,0.000000,0.000000,49.781303,0,0,-17000,0.000000,0.000000,0.000000,6,0,0
-0.005113,0.007571,0.028451,0.000000,0.000000,0.000000,0.000000,-0.128781,0.064340,-49.485657,49.483418,49.659760,49.451927,0.109601,0.000000,0.000000,49.696751,0,0,-17000,0.000000,0.000000,0.000000,6,0,0
-0.005851,0.003873,0.026002,0.000000,0.000000,0.000000,0.000000,-0.128892,0.064482,-49.484802,49.480671,49.939842,49.451927,0.108463,0.000000,0.000000,49.992691,0,0,-17000,0.000000,0.000000,0.000000,6,0,0
-0.006135,0.003566,0.023803,0.000000,0.000000,0.000000,0.000000,-0.128926,0.063505,-49.478798,49.479729,49.622765,49.451927,0.108809,0.000000,0.000000,49.990047,0,0,-17000,0.000000,0.000000,0.000000,6,0,0
-0.005196,0.000477,0.023279,0.000000,0.000000,0.000000,0.000000,-0.129054,0.063584,-49.478691,49.471275,50.053463,49.451927,0.109049,0.000000,0.000000,49.567276,0,0,-17000,0.000000,0.000000,0.000000,6,0,0
-0.007003,-0.001280,0.022657,0.000000,0.000000,0.000000,0.000000,-0.129172,0.063627,-49.470539,49.468445,49.974194,49.451927,0.107710,0.000000,0.000000,49.802444,0,0,-17000,0.000000,0.000000,0.000000,6,0,0
-0.008887,0.001642,0.021798,0.000000,0.000000,0.000000,0.000000,-0.129295,0.063612,-49.468815,49.470665,50.270134,49.451927,0.107847,0.000000,0.000000,50.153873,0,0,-17000,0.000000,0.000000,0.000000,6,0,0
-0.008765,0.002636,0.020440,0.000000,0.000000,0.000000,0.000000,-0.129460,0.063608,-49.471962,49.472797,49.923988,49.451927,0.107864,0.000000,0.000000,49.913422,0,0,-17000,0.000000,0.000000,0.000000,6,0,0
-0.008460,0.002959,0.021763,0.000000,0.000000,0.000000,0.000000,-0.129674,0.063368,-49.473141,49.473061,49.585773,49.451927,0.108023,0.000000,0.000000,49.704678,0,0,-17000,0.000000,0.000000,0.000000,6,0,0
-0.006692,0.002426,0.023928,0.000000,0.000000,0.000000,0.000000,-0.129848,0.063426,-49.473240,49.478619,50.090454,49.451927,0.108289,0.000000,0.000000,49.995331,0,0,-17000,0.000000,0.000000,0.000000,6,0,0
-0.006689,0.004454,0.024252,0.000000,0.000000,0.000000,0.000000,-0.129997,0.063480,-49.479752,49.482231,49.628052,49.451927,0.107251,0.000000,0.000000,49.696751,0,0,-17000,0.000000,0.000000,0.000000,6,0,0
-0.007313,0.006230,0.023877,0.000000,0.000000,0.000000,0.000000,-0.130132,0.063560,-49.483711,49.485020,50.064034,49.451927,0.107640,0.000000,0.000000,49.643906,0,0,-17000,0.000000,0.000000,0.000000,6,0,0
-0.005732,0.005562,0.024161,0.000000,0.000000,0.000000,0.000000,-0.130266,0.063675,-49.486954,49.487537,50.138016,49.451927,0.107323,0.000000,0.000000,50.198792,0,0,-17000,0.000000,0.000000,0.000000,6,0,0
-0.004830,0.007003,0.024681,0.000000,0.000000,0.000000,0.000000,-0.130508,0.063984,-49.486546,49.481720,49.992691,49.451927,0.108069,0.000000,0.000000,49.876427,0,0,-17000,0.000000,0.000000,0.000000,6,0,0
-0.003052,0.006608,0.025662,0.000000,0.000000,0.000000,0.000000,-0.130600,0.064117,-49.479782,49.467537,49.997974,49.451927,0.106963,0.000000,0.000000,49.953056,0,0,-17000,0.000000,0.000000,0.000000,6,0,0
-0.003962,0.005709,0.026392,0.000000,0.000000,0.000000,0.000000,-0.131157,0.061844,-49.466152,49.467937,50.019112,49.451927,0.107157,0.000000,0.000000,49.945129,0,0,-17000,0.000000,0.000000,0.000000,6,0,0
-0.006845,0.006165,0.025730,0.000000,0.000000,0.000000,0.000000,-0.131226,0.061957,-49.470615,49.469147,49.609554,49.451927,0.106206,0.000000,0.000000,49.760166,0,0,-17000,0.000000,0.000000,0.000000,6,0,0
-0.008345,0.007828,0.024226,0.000000,0.000000,0.000000,0.000000,-0.131442,0.061922,-49.468060,49.465363,50.391682,49.451927,0.106414,0.000000,0.000000,49.810371,0,0,-17000,0.000000,0.000000,0.000000,6,0,0
-0.009143,0.009141,0.022755,0.000000,0.000000,0.000000,0.000000,-0.131589,0.062076,-49.464706,49.468338,49.757523,49.451927,0.106582,0.000000,0.000000,50.436600,0,0,-17000,0.000000,0.000000,0.000000,6,0,0
-0.009454,0.008811,0.021472,0.000000,0.000000,0.000000,0.000000,-0.131758,0.062259,-49.471859,49.468800,49.583130,49.451927,0.106244,0.000000,0.000000,49.778664,0,0,-17000,0.000000,0.000000,0.000000,6,0,0
-0.010000,0.008159,0.020736,0.000000,0.000000,0.000000,0.000000,-0.131943,0.062427,-49.465874,49.463848,50.248997,49.468338,0.106327,0.000000,0.000000,49.752239,0,0,-17000,0.000000,0.000000,0.000000,6,0,0
-0.010288,0.005587,0.020728,0.000000,0.000000,0.000000,0.000000,-0.132147,0.062580,-49.462196,49.457668,50.568714,49.468338,0.105266,0.000000,0.000000,50.571358,0,0,-17000,0.000000,0.000000,0.000000,6,0,0
-0.009993,0.004955,0.020506,0.000000,0.000000,0.000000,0.000000,-0.132477,0.062259,-49.456078,49.457352,49.828865,49.468338,0.105241,0.000000,0.000000,50.349403,0,0,-17000,0.000000,0.000000,0.000000,6,0,0
-0.010821,0.003646,0.019915,0.000000,0.000000,0.000000,0.000000,-0.132672,0.062361,-49.457169,49.456089,50.167084,49.468338,0.105233,0.000000,0.000000,49.934559,0,0,-17000,0.000000,0.000000,0.000000,6,0,0
-0.014008,0.003989,0.019444,0.000000,0.000000,0.000000,0.000000,-0.132879,0.062452,-49.454281,49.451412,49.931915,49.468338,0.104274,0.000000,0.000000,50.116879,0,0,-17000,0.000000,0.000000,0.000000,6,0,0
-0.015487,0.004274,0.019445,0.000000,0.000000,0.000000,0.000000,-0.133135,0.062542,-49.451824,49.448513,49.456299,49.468338,0.104205,0.000000,0.000000,49.736385,0,0,-17000,0.000000,0.000000,0.000000,6,0,0
-0.012540,0.002543,0.018880,0.000000,0.000000,0.000000,0.000000,-0.133427,0.062628,-49.448532,49.454273,50.214645,49.468338,0.104004,0.000000,0.000000,49.746956,0,0,-17000,0.000000,0.000000,0.000000,6,0,0
-0.009552,0.001473,0.017825,0.000000,0.000000,0.000000,0.000000,-0.133482,0.062882,-49.455788,49.454014,49.897568,49.468338,0.104056,0.000000,0.000000,50.198792,0,0,-17000,0.000000,0.000000,0.000000,6,0,0
-0.007253,0.000369,0.019702,0.000000,0.000000,0.000000,0.000000,-0.133694,0.062907,-49.453781,49.447334,50.079887,49.468338,0.104077,0.000000,0.000000,50.005901,0,0,-17000,0.000000,0.000000,0.000000,6,0,0
-0.007834,0.001138,0.022171,0.000000,0.000000,0.000000,0.000000,-0.133859,0.062928,-49.445385,49.448715,49.844719,49.468338,0.103362,0.000000,0.000000,50.019112,0,0,-17000,0.000000,0.000000,0.000000,6,0,0
-0.009268,0.001479,0.021296,0.000000,0.000000,0.000000,0.000000,-0.134011,0.062934,-49.449364,49.443550,49.448372,49.468338,0.103409,0.000000,0.000000,49.839436,0,0,-17000,0.000000,0.000000,0.000000,6,0,0
-0.010408,-0.000860,0.020766,0.000000,0.000000,0.000000,0.000000,-0.134186,0.062955,-49.441853,49.438835,50.058746,49.468338,0.102709,0.000000,0.000000,49.556705,0,0,-17000,0.000000,0.000000,0.000000,6,0,0
-0.013699,-0.003127,0.020114,0.000000,0.000000,0.000000,0.000000,-0.134219,0.062714,-49.439362,49.443085,49.881714,49.468338,0.102682,0.000000,0.000000,49.926632,0,0,-17000,0.000000,0.000000,0.000000,6,0,0
-0.015824,-0.003569,0.020060,0.000000,0.000000,0.000000,0.000000,-0.134472,0.062672,-49.443993,49.446465,49.538212,49.468338,0.102726,0.000000,0.000000,49.680897,0,0,-17000,0.000000,0.000000,0.000000,6,0,0
-0.017814,-0.002723,0.020624,0.000000,0.000000,0.000000,0.000000,-0.134774,0.062595,-49.446712,49.445267,49.691467,49.468338,0.102827,0.000000,0.000000,49.551422,0,0,-17000,0.000000,0.000000,0.000000,6,0,0
-0.018470,-0.002780,0.020659,0.000000,0.000000,0.000000,0.000000,-0.135119,0.062528,-49.445435,49.437374,50.412819,49.468338,0.102898,0.000000,0.000000,49.855289,0,0,-17000,0.000000,0.000000,0.000000,6,0,0
-0.017532,-0.001443,0.020644,0.000000,0.000000,0.000000,0.000000,-0.135362,0.061733,-49.437565,49.438095,49.649189,49.468338,0.102377,0.000000,0.000000,50.386395,0,0,-17000,0.000000,0.000000,0.000000,6,0,0
-0.017532,-0.001443,0.020644,0.000000,0.000000,0.000000,0.000000,-0.135362,0.061733,-49.437565,49.438095,49.649189,49.468338,0.102377,0.000000,0.000000,50.386395,0,0,-17000,0.000000,0.000000,0.000000,6,0,0
